232     6470    6454
236     6414    6571
240     6582    6404
244     6503    6533
248     6432    6537
252     6470    6496
256     6478    6459
260     6509    6506
264     6467    6473
268     6528    6432
272     6540    6466
276     6408    6412
280     6424    6555
284     6505    6515
288     6409    6459
292     6501    6473
296     6550    6581
300     6420    6577
304     6396    6458
308     6535    6392
312     6573    6484
316     6458    6475
320     6580    6436
324     6411    6551
328     6524    6579
332     6456    6422
336     6510    6415
340     6465    6428
344     6502    6550
348     6508    6574
352     6397    6533
356     6459    6490
360     6476    6533
364     6579    6569
368     6443    6502
372     6402    6492
376     6575    6524
380     6556    6416
384     6409    6434
388     6476    6444
392     6445    6509
396     6545    6556
400     6488    6537
404     6524    6394
408     6541    6512
412     6424    6515
416     6563    6505
420     6792    6524
424     6689    6595
428     6592    6525
432     6623    6442
436     6401    6563
440     6466    6463
444     6529    6585
448     6512    6469
452     6445    6583
456     6501    6402
460     6411    6583
464     6468    6446
468     6480    6584
472     6418    6547
476     6532    6512
480     6410    6494
484     6564    6470
488     6570    6494
492     6428    6560
***********************************************************
* PhotonsTot     : 8732
* PhotonsDet     : 639
* MaxIndex       : 106  105
* Baseline       : 6481.33      6494.07
* Maximum        : 597.093      839.825
* MaxTime        : 105.964      104.947
* WeightedArrival: 79.249       77.69
* MinimumArrival : 76.3989      75.0273
***********************************************************
0       6511    6585
4       6489    6487
8       6543    6438
12      6510    6454
16      6413    6430
20      6413    6534
24      6487    6557
28      6521    6524
32      6548    6403
36      6444    6488
40      6485    6404
44      6462    6573
48      6482    6530
52      6403    6585
56      6509    6419
60      6476    6399
64      6522    6505
68      6574    6467
72      6559    6473
76      6422    6395
80      6446    6402
84      6550    6475
88      6516    6473
92      6555    6417
96      6414    6507
100     6569    6539
104     6469    6539
108     6501    6461
112     6528    6520
116     6498    6509
120     6398    6397
124     6420    6449
128     6420    6430
132     6427    6508
136     6546    6440
140     6400    6559
144     6491    6392
148     6582    6474
152     6571    6452
156     6478    6397
160     6491    6494
164     6456    6489
168     6480    6543
172     6550    6494
176     6413    6416
180     6570    6570
184     6546    6550
188     6453    6482
192     6564    6408
196     6415    6404
200     6535    6503
204     6505    6467
208     6475    6400
212     6422    6474
216     6461    6417
220     6515    6504
224     6485    6493
228     6581    6448
232     6431    6431
236     6439    6451
240     6425    6507
244     6539    6494
248     6451    6453
252     6471    6577
256     6487    6565
260     6530    6558
264     6523    6543
268     6575    6447
272     6500    6450
276     6563    6585
280     6494    6547
284     6420    6512
288     6438    6400
292     6500    6422
296     6412    6435
300     6417    6525
304     6565    6465
308     6492    6490
312     6448    6450
316     6486    6478
320     6523    6557
324     6553    6535
328     6477    6524
332     6521    6518
336     6504    6416
340     6394    6523
344     6479    6570
348     6518    6496
352     6501    6473
356     6482    6506
360     6487    6481
364     6584    6533
368     6560    6455
372     6398    6413
376     6468    6545
380     6506    6403
384     6484    6394
388     6432    6449
392     6529    6542
396     6545    6498
400     6536    6392
404     6422    6519
408     6404    6430
412     6481    6570
416     6689    7101
420     6883    7333
424     7078    6917
428     6617    6522
432     6536    6549
436     6486    6397
440     6578    6464
444     6582    6523
448     6407    6445
452     6574    6563
456     6581    6481
460     6582    6573
464     6507    6486
468     6395    6497
472     6462    6578
476     6474    6585
480     6411    6418
484     6407    6454
488     6420    6390
492     6553    6571
***********************************************************
* PhotonsTot     : 8531
* PhotonsDet     : 580
* MaxIndex       : 105  105
* Baseline       : 6513.07      6483.4
* Maximum        : 984.065      684.396
* MaxTime        : 104.894      104.857
* WeightedArrival: 79.1317      79.2446
* MinimumArrival : 75.9819      76.0713
***********************************************************
0       6440    6578
4       6549    6563
8       6560    6502
12      6576    6460
16      6453    6564
20      6586    6448
24      6476    6485
28      6542    6554
32      6497    6429
36      6427    6441
40      6423    6427
44      6580    6430
48      6533    6469
52      6499    6504
56      6555    6397
60      6551    6405
64      6423    6478
68      6459    6448
72      6558    6538
76      6550    6485
80      6520    6444
84      6560    6520
88      6455    6564
92      6395    6435
96      6493    6551
100     6581    6391
104     6559    6404
108     6521    6438
112     6567    6505
116     6530    6415
120     6512    6564
124     6441    6533
128     6477    6578
132     6486    6466
136     6462    6405
140     6422    6577
144     6534    6480
148     6569    6546
152     6504    6540
156     6544    6520
160     6477    6512
164     6554    6492
168     6518    6545
172     6563    6517
176     6569    6540
180     6410    6472
184     6472    6504
188     6583    6461
192     6459    6431
196     6506    6393
200     6505    6449
204     6519    6413
208     6581    6560
212     6470    6424
216     6581    6398
220     6492    6457
224     6475    6402
228     6550    6585
232     6469    6580
236     6492    6560
240     6543    6452
244     6518    6446
248     6586    6422
252     6540    6488
256     6535    6494
260     6389    6558
264     6458    6511
268     6439    6498
272     6506    6409
276     6571    6390
280     6493    6471
284     6415    6457
288     6547    6528
292     6437    6572
296     6521    6486
300     6425    6497
304     6486    6523
308     6555    6420
312     6553    6552
316     6530    6580
320     6444    6391
324     6553    6505
328     6390    6509
332     6574    6559
336     6577    6443
340     6501    6467
344     6550    6522
348     6465    6520
352     6581    6492
356     6397    6515
360     6574    6513
364     6467    6425
368     6463    6511
372     6550    6393
376     6498    6521
380     6578    6580
384     6403    6582
388     6429    6416
392     6447    6428
396     6403    6504
400     6576    6395
404     6486    6526
408     6512    6422
412     6483    6417
416     6821    6724
420     7490    7159
424     6976    6830
428     6538    6773
432     6499    6465
436     6493    6438
440     6557    6567
444     6514    6503
448     6488    6507
452     6513    6563
456     6559    6514
460     6410    6389
464     6474    6536
468     6571    6516
472     6402    6541
476     6581    6488
480     6398    6574
484     6436    6390
488     6511    6512
492     6570    6452
***********************************************************
* PhotonsTot     : 8836
* PhotonsDet     : 699
* MaxIndex       : 105  104
* Baseline       : 6488.93      6472.73
* Maximum        : 488.567      1140.39
* MaxTime        : 105.483      104.217
* WeightedArrival: 80.4178      78.3421
* MinimumArrival : 77.7234      75.6026
***********************************************************
0       6435    6438
4       6504    6553
8       6449    6434
12      6571    6459
16      6484    6550
20      6466    6494
24      6542    6454
28      6436    6420
32      6536    6441
36      6501    6578
40      6415    6437
44      6526    6440
48      6504    6406
52      6425    6492
56      6540    6495
60      6560    6459
64      6406    6520
68      6580    6498
72      6493    6540
76      6443    6395
80      6458    6557
84      6434    6565
88      6468    6526
92      6518    6419
96      6447    6584
100     6400    6563
104     6399    6420
108     6560    6559
112     6417    6458
116     6454    6574
120     6490    6405
124     6476    6448
128     6492    6576
132     6454    6465
136     6393    6538
140     6483    6503
144     6461    6551
148     6431    6458
152     6486    6475
156     6509    6463
160     6585    6410
164     6505    6390
168     6393    6501
172     6563    6423
176     6470    6506
180     6402    6416
184     6569    6535
188     6479    6480
192     6398    6524
196     6563    6444
200     6573    6457
204     6509    6487
208     6458    6503
212     6412    6509
216     6562    6510
220     6400    6461
224     6484    6497
228     6488    6545
232     6437    6579
236     6406    6431
240     6404    6465
244     6552    6527
248     6580    6524
252     6557    6557
256     6438    6535
260     6581    6465
264     6567    6507
268     6400    6501
272     6437    6515
276     6441    6467
280     6506    6421
284     6581    6436
288     6444    6479
292     6510    6545
296     6542    6433
300     6476    6446
304     6437    6425
308     6440    6408
312     6484    6505
316     6391    6479
320     6472    6512
324     6553    6431
328     6536    6586
332     6409    6461
336     6578    6418
340     6391    6535
344     6523    6534
348     6449    6570
352     6433    6448
356     6453    6437
360     6445    6515
364     6515    6451
368     6512    6470
372     6505    6423
376     6455    6450
380     6565    6545
384     6568    6582
388     6477    6483
392     6486    6567
396     6574    6534
400     6445    6560
404     6419    6456
408     6579    6464
412     6480    6571
416     6453    7589
420     6925    7414
424     6921    7185
428     6522    6597
432     6486    6452
436     6536    6561
440     6448    6516
444     6498    6565
448     6520    6406
452     6487    6504
456     6482    6429
460     6390    6485
464     6457    6415
468     6422    6420
472     6424    6503
476     6543    6417
480     6465    6475
484     6475    6468
488     6480    6453
492     6413    6412
***********************************************************
* PhotonsTot     : 2254
* PhotonsDet     : 188
* MaxIndex       : 105  105
* Baseline       : 6483.47      6480.93
* Maximum        : 220.614      307.203
* MaxTime        : 105.363      104.975
* WeightedArrival: 80.2164      77.9569
* MinimumArrival : 77.5173      75.1993
***********************************************************
0       6473    6465
4       6472    6431
8       6483    6435
12      6500    6575
16      6544    6417
20      6444    6524
24      6437    6395
28      6510    6455
32      6412    6402
36      6403    6467
40      6414    6525
44      6508    6505
48      6549    6497
52      6547    6545
56      6556    6576
60      6428    6424
64      6428    6463
68      6517    6528
72      6394    6414
76      6414    6453
80      6406    6510
84      6456    6535
88      6414    6544
92      6544    6570
96      6455    6502
100     6486    6443
104     6474    6410
108     6406    6544
112     6440    6493
116     6395    6424
120     6490    6433
124     6485    6584
128     6510    6464
132     6532    6572
136     6563    6578
140     6415    6567
144     6443    6491
148     6436    6454
152     6524    6481
156     6533    6412
160     6463    6550
164     6561    6510
168     6392    6570
172     6420    6570
176     6520    6575
180     6432    6429
184     6569    6473
188     6452    6474
192     6504    6468
196     6584    6536
200     6401    6509
204     6497    6462
208     6491    6435
212     6455    6582
216     6561    6405
220     6477    6577
224     6535    6498
228     6483    6452
232     6556    6480
236     6551    6531
240     6410    6556
244     6501    6506
248     6499    6441
252     6472    6401
256     6433    6574
260     6531    6561
264     6549    6408
268     6445    6494
272     6538    6395
276     6427    6526
280     6455    6425
284     6449    6497
288     6578    6489
292     6507    6551
296     6560    6580
300     6472    6500
304     6459    6501
308     6464    6517
312     6403    6447
316     6561    6570
320     6517    6547
324     6409    6444
328     6557    6463
332     6397    6439
336     6554    6468
340     6498    6427
344     6576    6494
348     6495    6467
352     6555    6420
356     6526    6402
360     6530    6440
364     6525    6503
368     6411    6487
372     6405    6473
376     6510    6417
380     6498    6514
384     6506    6496
388     6402    6522
392     6472    6447
396     6417    6576
400     6400    6438
404     6506    6415
408     6409    6406
412     6565    6408
416     6486    6496
420     6691    6788
424     6671    6669
428     6534    6722
432     6579    6561
436     6426    6397
440     6420    6448
444     6477    6538
448     6473    6567
452     6489    6561
456     6536    6441
460     6400    6422
464     6459    6471
468     6505    6420
472     6536    6497
476     6391    6488
480     6572    6563
484     6478    6531
488     6471    6418
492     6499    6516
***********************************************************
* PhotonsTot     : 9669
* PhotonsDet     : 1474
* MaxIndex       : 108  106
* Baseline       : 6464.4       6459.93
* Maximum        : 250.469      3449.75
* MaxTime        : 108.157      106.403
* WeightedArrival: 89.9353      83.6848
* MinimumArrival : 86.7754      81.1338
***********************************************************
0       6417    6409
4       6423    6458
8       6477    6514
12      6452    6457
16      6415    6465
20      6485    6452
24      6538    6499
28      6508    6428
32      6441    6496
36      6462    6530
40      6412    6449
44      6525    6419
48      6488    6412
52      6507    6500
56      6416    6411
60      6448    6489
64      6494    6398
68      6440    6546
72      6462    6523
76      6568    6515
80      6584    6464
84      6581    6461
88      6414    6408
92      6445    6426
96      6471    6543
100     6513    6447
104     6459    6582
108     6535    6423
112     6583    6555
116     6502    6431
120     6511    6474
124     6493    6390
128     6542    6534
132     6447    6407
136     6483    6430
140     6479    6483
144     6410    6541
148     6561    6548
152     6525    6449
156     6540    6506
160     6525    6539
164     6471    6579
168     6401    6521
172     6454    6548
176     6455    6439
180     6547    6464
184     6413    6485
188     6479    6486
192     6406    6410
196     6422    6513
200     6392    6396
204     6571    6547
208     6468    6496
212     6526    6576
216     6427    6477
220     6571    6540
224     6415    6526
228     6472    6565
232     6411    6574
236     6480    6561
240     6485    6452
244     6461    6443
248     6561    6572
252     6401    6569
256     6580    6563
260     6541    6567
264     6553    6410
268     6568    6572
272     6529    6529
276     6550    6583
280     6462    6484
284     6490    6547
288     6425    6468
292     6400    6495
296     6437    6565
300     6492    6528
304     6561    6507
308     6482    6540
312     6500    6417
316     6452    6449
320     6441    6442
324     6457    6466
328     6397    6434
332     6569    6519
336     6396    6467
340     6575    6450
344     6528    6468
348     6478    6561
352     6568    6428
356     6405    6498
360     6487    6393
364     6545    6556
368     6390    6419
372     6582    6400
376     6475    6402
380     6402    6433
384     6521    6451
388     6482    6494
392     6419    6413
396     6483    6400
400     6529    6422
404     6561    6516
408     6465    6484
412     6444    6533
416     6491    6534
420     6444    7774
424     6490    9730
428     6551    9506
432     6710    6965
436     6523    6572
440     6457    6543
444     6453    6551
448     6496    6521
452     6525    6567
456     6512    6469
460     6566    6514
464     6448    6540
468     6396    6486
472     6403    6480
476     6428    6483
480     6456    6489
484     6420    6569
488     6539    6477
492     6490    6398
***********************************************************
* PhotonsTot     : 3697
* PhotonsDet     : 486
* MaxIndex       : 106  107
* Baseline       : 6449.2       6487.8
* Maximum        : 1121.88      149.209
* MaxTime        : 105.546      107.111
* WeightedArrival: 82.6732      88.4937
* MinimumArrival : 79.8537      85.5055
***********************************************************
0       6450    6434
4       6421    6529
8       6444    6433
12      6394    6542
16      6392    6585
20      6430    6404
24      6398    6528
28      6497    6539
32      6507    6447
36      6421    6398
40      6390    6511
44      6556    6526
48      6496    6406
52      6423    6533
56      6519    6502
60      6580    6572
64      6515    6572
68      6416    6582
72      6407    6531
76      6405    6504
80      6396    6468
84      6530    6500
88      6493    6542
92      6403    6442
96      6484    6518
100     6487    6562
104     6400    6583
108     6528    6435
112     6398    6515
116     6512    6503
120     6500    6511
124     6563    6524
128     6538    6551
132     6566    6508
136     6492    6517
140     6461    6466
144     6472    6550
148     6539    6507
152     6526    6433
156     6397    6527
160     6448    6480
164     6459    6493
168     6411    6407
172     6401    6570
176     6462    6491
180     6491    6449
184     6432    6508
188     6537    6426
192     6490    6501
196     6583    6393
200     6425    6501
204     6552    6486
208     6412    6410
212     6496    6554
216     6500    6391
220     6563    6435
224     6457    6562
228     6549    6469
232     6419    6395
236     6437    6510
240     6574    6404
244     6555    6409
248     6417    6505
252     6512    6542
256     6396    6443
260     6514    6553
264     6538    6525
268     6427    6562
272     6529    6482
276     6508    6446
280     6580    6413
284     6506    6534
288     6424    6402
292     6414    6570
296     6548    6558
300     6562    6546
304     6573    6457
308     6438    6443
312     6459    6400
316     6445    6416
320     6475    6488
324     6489    6412
328     6501    6492
332     6412    6419
336     6494    6421
340     6397    6512
344     6420    6465
348     6485    6468
352     6410    6495
356     6583    6488
360     6398    6560
364     6486    6411
368     6534    6447
372     6492    6398
376     6443    6486
380     6536    6410
384     6488    6546
388     6506    6487
392     6433    6405
396     6560    6435
400     6584    6512
404     6441    6563
408     6475    6460
412     6536    6420
416     6398    6462
420     7438    6533
424     7488    6522
428     6813    6636
432     6584    6581
436     6562    6424
440     6516    6504
444     6395    6530
448     6456    6500
452     6493    6408
456     6442    6493
460     6526    6458
464     6490    6427
468     6550    6486
472     6569    6541
476     6491    6477
480     6438    6440
484     6568    6403
488     6398    6579
492     6434    6461
***********************************************************
* PhotonsTot     : 9975
* PhotonsDet     : 783
* MaxIndex       : 106  105
* Baseline       : 6483.47      6500.8
* Maximum        : 629.63       1321.24
* MaxTime        : 105.581      105.098
* WeightedArrival: 81.1226      79.844
* MinimumArrival : 77.1565      75.702
***********************************************************
0       6531    6485
4       6508    6429
8       6532    6511
12      6567    6520
16      6503    6514
20      6421    6508
24      6403    6583
28      6479    6434
32      6433    6579
36      6416    6402
40      6542    6509
44      6558    6396
48      6452    6578
52      6415    6491
56      6492    6573
60      6563    6390
64      6573    6529
68      6416    6433
72      6475    6461
76      6571    6500
80      6558    6421
84      6473    6430
88      6496    6419
92      6565    6512
96      6537    6543
100     6561    6451
104     6504    6521
108     6450    6573
112     6583    6450
116     6429    6478
120     6453    6559
124     6455    6479
128     6517    6548
132     6557    6444
136     6401    6546
140     6484    6462
144     6464    6535
148     6413    6447
152     6545    6504
156     6431    6490
160     6515    6541
164     6484    6470
168     6453    6450
172     6440    6393
176     6405    6436
180     6400    6569
184     6408    6542
188     6447    6419
192     6406    6502
196     6577    6463
200     6527    6567
204     6533    6448
208     6429    6404
212     6446    6521
216     6521    6533
220     6552    6568
224     6578    6425
228     6516    6438
232     6532    6429
236     6498    6548
240     6582    6546
244     6515    6518
248     6509    6585
252     6466    6479
256     6582    6539
260     6421    6490
264     6502    6561
268     6531    6516
272     6440    6460
276     6450    6585
280     6557    6450
284     6531    6535
288     6521    6507
292     6577    6574
296     6487    6585
300     6434    6529
304     6568    6443
308     6462    6526
312     6400    6412
316     6456    6442
320     6579    6523
324     6548    6553
328     6538    6392
332     6396    6427
336     6468    6492
340     6425    6478
344     6392    6545
348     6520    6411
352     6484    6443
356     6479    6462
360     6546    6498
364     6457    6458
368     6423    6416
372     6518    6447
376     6557    6473
380     6459    6521
384     6553    6504
388     6570    6574
392     6419    6519
396     6433    6491
400     6393    6536
404     6556    6502
408     6452    6466
412     6430    6465
416     6576    6640
420     7041    7815
424     7076    7418
428     6690    6904
432     6664    6597
436     6563    6493
440     6490    6503
444     6472    6515
448     6473    6500
452     6449    6466
456     6438    6410
460     6483    6524
464     6559    6418
468     6424    6510
472     6421    6444
476     6439    6477
480     6517    6520
484     6527    6488
488     6520    6447
492     6446    6503