140     6493    6526
144     6541    6397
148     6418    6404
152     6550    6415
156     6504    6532
160     6445    6394
164     6430    6566
168     6531    6413
172     6410    6469
176     6459    6486
180     6541    6483
184     6510    6545
188     6478    6485
192     6560    6491
196     6583    6464
200     6559    6419
204     6545    6531
208     6556    6441
212     6540    6456
216     6512    6420
220     6419    6569
224     6470    6462
228     6446    6408
232     6464    6453
236     6477    6416
240     6548    6552
244     6390    6561
248     6581    6567
252     6410    6395
256     6505    6390
260     6484    6464
264     6463    6404
268     6530    6446
272     6500    6463
276     6477    6413
280     6476    6582
284     6555    6583
288     6410    6464
292     6572    6544
296     6457    6552
300     6569    6539
304     6539    6465
308     6433    6432
312     6465    6477
316     6569    6505
320     6397    6540
324     6394    6583
328     6575    6571
332     6544    6409
336     6398    6488
340     6391    6426
344     6477    6543
348     6743    6851
352     7138    7105
356     7380    7622
360     7706    7683
364     7475    7493
368     7298    7256
372     7147    6971
376     6819    6943
380     6789    6812
384     6694    6605
388     6569    6585
392     6668    6587
396     6552    6465
400     6444    6583
404     6597    6426
408     6505    6468
412     6548    6403
416     6487    6532
420     6582    6506
424     6521    6458
428     6451    6483
432     6427    6548
436     6496    6507
440     6480    6469
444     6481    6530
448     6465    6410
452     6469    6411
456     6542    6431
460     6502    6462
464     6453    6479
468     6585    6523
472     6534    6583
476     6437    6542
480     6491    6409
484     6486    6565
488     6439    6502
492     6533    6391
***********************************************************
* PhotonsTot     : 1293
* PhotonsDet     : 88
* MaxIndex       : 90   90
* Baseline       : 6503.53      6502.53
* Maximum        : 679.833      411.074
* MaxTime        : 90.2214      89.8834
* WeightedArrival: 6.60472      6.85381
* MinimumArrival : 4.51201      4.48097
***********************************************************
0       6419    6564
4       6474    6491
8       6396    6512
12      6564    6469
16      6475    6572
20      6558    6499
24      6485    6505
28      6560    6580
32      6495    6437
36      6398    6561
40      6464    6393
44      6582    6439
48      6566    6470
52      6559    6544
56      6558    6502
60      6434    6584
64      6413    6468
68      6555    6401
72      6571    6477
76      6568    6446
80      6535    6527
84      6389    6540
88      6400    6424
92      6580    6482
96      6521    6392
100     6501    6409
104     6530    6390
108     6533    6565
112     6469    6536
116     6581    6575
120     6513    6496
124     6529    6392
128     6464    6453
132     6513    6470
136     6484    6567
140     6420    6569
144     6494    6453
148     6499    6512
152     6401    6475
156     6433    6406
160     6451    6413
164     6445    6576
168     6486    6402
172     6391    6575
176     6508    6447
180     6413    6443
184     6522    6522
188     6454    6510
192     6393    6493
196     6547    6555
200     6550    6467
204     6428    6412
208     6578    6397
212     6542    6496
216     6427    6451
220     6414    6552
224     6493    6444
228     6520    6488
232     6466    6462
236     6541    6575
240     6546    6579
244     6414    6413
248     6516    6574
252     6480    6434
256     6554    6522
260     6414    6584
264     6436    6441
268     6523    6444
272     6543    6408
276     6393    6549
280     6420    6574
284     6536    6460
288     6484    6480
292     6466    6524
296     6581    6573
300     6395    6426
304     6555    6436
308     6438    6530
312     6515    6504
316     6493    6441
320     6510    6421
324     6503    6546
328     6499    6487
332     6556    6446
336     6420    6550
340     6584    6500
344     6439    6570
348     6532    6656
352     6681    6794
356     7068    6883
360     7180    6913
364     7147    6851
368     7021    6745
372     6806    6774
376     6618    6637
380     6545    6671
384     6514    6604
388     6526    6501
392     6597    6584
396     6568    6450
400     6450    6508
404     6584    6521
408     6432    6479
412     6446    6570
416     6526    6583
420     6460    6440
424     6449    6446
428     6550    6505
432     6449    6437
436     6561    6520
440     6534    6392
444     6407    6394
448     6563    6502
452     6465    6436
456     6483    6480
460     6550    6479
464     6531    6584
468     6473    6394
472     6471    6401
476     6425    6450
480     6468    6447
484     6564    6524
488     6455    6415
492     6512    6432
***********************************************************
* PhotonsTot     : 3126
* PhotonsDet     : 232
* MaxIndex       : 89   89
* Baseline       : 6495.87      6482.67
* Maximum        : 1508.02      1535.18
* MaxTime        : 89.2234      89.2529
* WeightedArrival: 6.78455      7.16184
* MinimumArrival : 4.40313      4.27861
***********************************************************
0       6442    6543
4       6503    6562
8       6537    6466
12      6517    6458
16      6467    6419
20      6488    6405
24      6474    6562
28      6499    6434
32      6434    6579
36      6418    6545
40      6580    6435
44      6555    6395
48      6548    6442
52      6468    6424
56      6508    6571
60      6448    6568
64      6542    6574
68      6453    6530
72      6542    6425
76      6524    6400
80      6572    6481
84      6568    6525
88      6543    6560
92      6495    6504
96      6482    6547
100     6475    6438
104     6456    6540
108     6497    6555
112     6496    6494
116     6412    6449
120     6502    6394
124     6437    6495
128     6566    6460
132     6573    6394
136     6560    6560
140     6454    6505
144     6461    6541
148     6496    6515
152     6482    6479
156     6496    6428
160     6507    6452
164     6460    6464
168     6450    6583
172     6397    6499
176     6486    6454
180     6433    6554
184     6432    6416
188     6402    6452
192     6546    6580
196     6410    6512
200     6462    6581
204     6412    6487
208     6401    6420
212     6509    6526
216     6555    6430
220     6479    6448
224     6512    6527
228     6472    6582
232     6410    6508
236     6392    6499
240     6414    6556
244     6497    6534
248     6402    6520
252     6552    6449
256     6574    6560
260     6507    6518
264     6522    6551
268     6481    6487
272     6559    6547
276     6565    6559
280     6525    6431
284     6520    6396
288     6411    6558
292     6561    6516
296     6570    6393
300     6541    6424
304     6572    6401
308     6405    6451
312     6441    6391
316     6449    6451
320     6449    6584
324     6496    6398
328     6482    6461
332     6550    6404
336     6533    6493
340     6443    6489
344     6602    6673
348     7106    7068
352     7554    7483
356     7992    8001
360     7898    7914
364     7647    7686
368     7377    7299
372     7096    7056
376     6883    6960
380     6738    6708
384     6691    6774
388     6541    6701
392     6622    6564
396     6505    6521
400     6454    6489
404     6585    6565
408     6477    6475
412     6432    6512
416     6460    6507
420     6551    6469
424     6529    6476
428     6562    6550
432     6517    6409
436     6514    6554
440     6395    6411
444     6476    6430
448     6459    6394
452     6486    6528
456     6463    6411
460     6441    6494
464     6424    6450
468     6454    6583
472     6541    6542
476     6499    6509
480     6481    6522
484     6537    6533
488     6474    6424
492     6429    6444
***********************************************************
* PhotonsTot     : 9768
* PhotonsDet     : 694
* MaxIndex       : 89   89
* Baseline       : 6455.53      6490.67
* Maximum        : 4616.66      4499.69
* MaxTime        : 88.6675      88.895
* WeightedArrival: 6.48236      6.42282
* MinimumArrival : 3.72953      3.66126
***********************************************************
0       6412    6449
4       6399    6488
8       6470    6525
12      6469    6548
16      6502    6403
20      6401    6408
24      6474    6479
28      6542    6442
32      6400    6436
36      6513    6501
40      6450    6582
44      6454    6476
48      6472    6585
52      6438    6467
56      6437    6571
60      6511    6553
64      6561    6423
68      6559    6573
72      6580    6444
76      6539    6457
80      6542    6420
84      6458    6413
88      6453    6444
92      6487    6400
96      6405    6435
100     6523    6571
104     6402    6499
108     6449    6408
112     6488    6484
116     6453    6421
120     6562    6432
124     6549    6508
128     6551    6537
132     6567    6448
136     6445    6418
140     6583    6494
144     6462    6406
148     6476    6542
152     6467    6494
156     6570    6402
160     6481    6578
164     6546    6564
168     6503    6434
172     6430    6401
176     6429    6510
180     6482    6524
184     6535    6426
188     6403    6516
192     6443    6467
196     6532    6490
200     6550    6517
204     6392    6427
208     6406    6463
212     6492    6453
216     6585    6563
220     6496    6423
224     6463    6566
228     6478    6470
232     6545    6584
236     6544    6423
240     6424    6440
244     6581    6446
248     6534    6503
252     6504    6406
256     6452    6484
260     6483    6512
264     6559    6481
268     6513    6439
272     6583    6442
276     6544    6504
280     6527    6578
284     6529    6475
288     6434    6580
292     6450    6400
296     6517    6540
300     6532    6567
304     6519    6531
308     6407    6500
312     6548    6397
316     6422    6494
320     6404    6483
324     6509    6441
328     6438    6398
332     6519    6397
336     6403    6539
340     6709    6597
344     7896    7726
348     9388    9074
352     10828   10330
356     11018   10983
360     10304   10368
364     9348    9429
368     8588    8550
372     7938    7968
376     7386    7429
380     7136    7197
384     6882    7028
388     6825    6789
392     6611    6697
396     6589    6638
400     6623    6538
404     6505    6637
408     6575    6450
412     6593    6542
416     6572    6417
420     6525    6435
424     6532    6426
428     6532    6410
432     6459    6392
436     6493    6499
440     6438    6517
444     6421    6503
448     6406    6458
452     6563    6489
456     6524    6528
460     6423    6410
464     6518    6540
468     6447    6577
472     6580    6478
476     6573    6390
480     6540    6574
484     6416    6506
488     6472    6562
492     6446    6444
***********************************************************
* PhotonsTot     : 304
* PhotonsDet     : 23
* MaxIndex       : 89   90
* Baseline       : 6478.6       6478.2
* Maximum        : 253.562      215.983
* MaxTime        : 89.0609      89.5603
* WeightedArrival: 6.31504      7.76501
* MinimumArrival : 4.97007      4.90963
***********************************************************
0       6476    6416
4       6550    6483
8       6480    6465
12      6586    6441
16      6419    6529
20      6511    6530
24      6497    6478
28      6438    6450
32      6422    6436
36      6530    6419
40      6405    6465
44      6563    6486
48      6470    6537
52      6391    6532
56      6441    6506
60      6516    6449
64      6441    6568
68      6425    6432
72      6436    6531
76      6455    6572
80      6519    6555
84      6454    6574
88      6565    6477
92      6501    6515
96      6427    6435
100     6569    6536
104     6401    6559
108     6516    6480
112     6451    6527
116     6539    6534
120     6471    6574
124     6517    6537
128     6581    6538
132     6581    6573
136     6519    6524
140     6525    6538
144     6409    6544
148     6458    6429
152     6578    6529
156     6471    6553
160     6411    6577
164     6393    6523
168     6523    6516
172     6407    6485
176     6391    6462
180     6539    6535
184     6575    6447
188     6568    6541
192     6583    6583
196     6464    6485
200     6411    6396
204     6550    6544
208     6447    6428
212     6459    6436
216     6450    6513
220     6573    6545
224     6424    6530
228     6468    6432
232     6429    6527
236     6563    6409
240     6523    6469
244     6428    6585
248     6513    6439
252     6483    6541
256     6494    6392
260     6413    6473
264     6432    6515
268     6443    6465
272     6527    6580
276     6445    6476
280     6402    6409
284     6516    6420
288     6577    6513
292     6541    6539
296     6470    6404
300     6432    6522
304     6576    6558
308     6529    6519
312     6552    6412
316     6453    6445
320     6511    6455
324     6391    6576
328     6542    6397
332     6493    6552
336     6488    6447
340     6429    6417
344     6546    6577
348     6566    6583
352     6680    6520
356     6732    6669
360     6696    6677
364     6588    6492
368     6639    6497
372     6558    6514
376     6562    6620
380     6600    6458
384     6448    6576
388     6560    6489
392     6565    6509
396     6512    6511
400     6578    6471
404     6433    6438
408     6498    6424
412     6546    6410
416     6570    6394
420     6454    6569
424     6534    6531
428     6501    6459
432     6403    6515
436     6416    6441
440     6437    6536
444     6529    6507
448     6463    6459
452     6424    6461
456     6553    6580
460     6418    6448
464     6475    6509
468     6402    6454
472     6533    6396
476     6405    6472
480     6512    6481
484     6527    6519
488     6481    6515
492     6569    6436
***********************************************************
* PhotonsTot     : 9599
* PhotonsDet     : 664
* MaxIndex       : 92   91
* Baseline       : 6517.47      6509.73
* Maximum        : 3112.95      2880.15
* MaxTime        : 91.9546      90.4925
* WeightedArrival: 14.4828      13.3658
* MinimumArrival : 4.74862      4.55456
***********************************************************
0       6569    6553
4       6548    6475
8       6545    6565
12      6448    6400
16      6526    6444
20      6500    6576
24      6437    6515
28      6494    6542
32      6557    6479
36      6532    6546
40      6459    6537
44      6554    6436
48      6553    6462
52      6470    6558
56      6570    6558
60      6493    6538
64      6476    6443
68      6453    6574
72      6510    6578
76      6557    6510
80      6582    6554
84      6499    6577
88      6545    6413
92      6446    6422
96      6450    6434
100     6556    6480
104     6392    6433
108     6504    6510
112     6499    6549
116     6399    6568
120     6481    6486
124     6452    6415
128     6553    6521
132     6406    6446
136     6486    6449
140     6481    6519
144     6425    6459
148     6401    6489
152     6418    6585
156     6442    6550
160     6411    6415
164     6517    6522
168     6529    6391
172     6570    6400
176     6497    6585
180     6501    6514
184     6506    6414
188     6442    6555
192     6574    6515
196     6549    6573
200     6432    6490
204     6447    6500
208     6583    6492
212     6480    6491
216     6442    6536
220     6400    6420
224     6518    6432
228     6441    6517
232     6492    6576
236     6569    6420
240     6525    6545
244     6442    6495
248     6480    6537
252     6470    6460
256     6514    6448
260     6573    6528
264     6423    6391
268     6506    6434
272     6535    6535
276     6413    6586
280     6548    6539
284     6574    6392
288     6545    6526
292     6483    6438
296     6475    6395
300     6429    6494
304     6581    6570
308     6546    6416
312     6435    6397
316     6400    6391
320     6525    6399
324     6417    6489
328     6395    6480
332     6413    6585
336     6568    6464
340     6527    6467
344     6526    6617
348     7106    7306
352     7651    8298
356     8786    8985
360     9393    9358
364     9510    9369
368     9630    9320
372     9333    9198
376     8997    8809
380     8316    8302
384     7760    7744
388     7425    7457
392     7074    7176
396     6886    6956
400     6747    6852
404     6635    6621
408     6531    6678
412     6533    6584
416     6485    6472
420     6575    6621
424     6600    6504
428     6587    6509
432     6543    6590
436     6502    6419
440     6552    6493
444     6511    6397
448     6547    6474
452     6443    6411
456     6459    6473
460     6422    6492
464     6527    6468
468     6572    6475
472     6415    6568
476     6479    6405
480     6448    6489
484     6469    6396
488     6496    6559
492     6530    6478
***********************************************************
* PhotonsTot     : 4267
* PhotonsDet     : 262
* MaxIndex       : 89   89
* Baseline       : 6478.33      6478.6
* Maximum        : 1753.75      1666.76
* MaxTime        : 88.7943      88.5389
* WeightedArrival: 6.1894       6.50397
* MinimumArrival : 3.61166      3.58482
***********************************************************
0       6399    6405
4       6472    6583
8       6455    6544
12      6460    6436
16      6451    6434
20      6454    6439
24      6510    6560
28      6414    6465
32      6505    6467
36      6528    6504
40      6522    6417
44      6535    6453
48      6584    6496
52      6406    6491
56      6480    6485
60      6534    6465
64      6487    6472
68      6422    6439
72      6397    6493
76      6527    6446
80      6529    6524
84      6565    6558
88      6534    6406
92      6512    6571
96      6517    6575
100     6490    6492
104     6583    6578
108     6394    6526
112     6573    6585
116     6577    6399
120     6418    6543
124     6461    6484
128     6572    6428
132     6518    6576
136     6521    6469
140     6519    6419
144     6513    6443
148     6452    6556
152     6471    6572
156     6414    6483
160     6528    6410
164     6509    6585
168     6585    6530
172     6584    6574
176     6399    6418
180     6421    6520
184     6390    6395
188     6433    6579
192     6497    6500
196     6449    6425
200     6537    6550
204     6429    6429
208     6566    6490
212     6517    6442
216     6507    6505
220     6401    6545
224     6392    6571
228     6422    6564
232     6526    6465
236     6572    6491
240     6551    6486
244     6578    6396
248     6460    6482
252     6552    6438
256     6437    6486
260     6409    6562
264     6493    6435
268     6498    6500
272     6510    6514
276     6465    6559
280     6541    6505
284     6526    6516
288     6572    6474
292     6399    6570
296     6522    6476
300     6486    6540
304     6555    6541
308     6544    6490
312     6544    6482
316     6492    6531
320     6394    6428
324     6527    6468
328     6501    6567
332     6449    6415
336     6484    6420
340     6488    6491
344     6866    6825
348     7616    7446
352     8104    8079
356     8223    8111
360     7903    7943
364     7513    7672
368     7345    7327
372     7079    7098
376     6798    6976
380     6827    6671
384     6692    6747
388     6649    6676
392     6573    6549
396     6585    6571
400     6512    6549
404     6416    6429
408     6518    6418
412     6521    6565
416     6435    6546
420     6422    6552
424     6486    6479
428     6565    6392
432     6551    6542
436     6473    6392
440     6403    6564
444     6579    6575
448     6411    6473
452     6506    6439
456     6554    6465
460     6542    6411
464     6550    6464
468     6512    6389
472     6538    6535
476     6548    6403
480     6572    6401
484     6574    6444
488     6485    6500
492     6565    6503
***********************************************************
* PhotonsTot     : 7009
* PhotonsDet     : 504
* MaxIndex       : 89   89
* Baseline       : 6489.93      6494
* Maximum        : 3392.42      3356.28
* MaxTime        : 89.0525      88.9746
* WeightedArrival: 7.21623      7.11523
* MinimumArrival : 4.49087      4.4194
***********************************************************
0       6527    6418
4       6409    6465
8       6549    6398
12      6524    6398
16      6520    6511
20      6574    6480
24      6576    6581
28      6408    6481
32      6512    6569
36      6425    6534
40      6427    6572
44      6477    6575
48      6483    6459
52      6539    6472
56      6399    6497
60      6425    6450
64      6505    6465
68      6456    6514
72      6523    6428
76      6520    6446
80      6443    6560
84      6525    6460
88      6392    6458
92      6561    6467
96      6536    6519
100     6462    6488
104     6411    6474
108     6471    6514
112     6459    6447
116     6403    6579
120     6531    6406
124     6578    6408
128     6422    6493
132     6538    6520
136     6495    6402
140     6529    6425
144     6535    6441
148     6441    6456
152     6492    6527
156     6539    6520
160     6515    6518
164     6578    6581
168     6390    6451
172     6494    6459
176     6415    6569
180     6408    6452
184     6481    6492
188     6541    6530
192     6489    6526
196     6566    6445
200     6401    6507
204     6466    6578
208     6552    6575
212     6477    6506
216     6492    6539
220     6563    6466
224     6563    6447
228     6559    6538
232     6539    6569
236     6567    6391
240     6447    6430
244     6560    6523
248     6509    6411
252     6405    6409
256     6579    6412
260     6422    6491
264     6466    6529
268     6412    6542
272     6544    6574
276     6432    6469
280     6548    6468
284     6394    6544
288     6559    6455
292     6397    6424
296     6422    6511
300     6397    6549
304     6463    6576
308     6559    6449
312     6510    6463
316     6485    6481
320     6435    6504
324     6458    6398
328     6425    6559
332     6425    6500
336     6484    6471
340     6530    6545
344     7242    7121
348     8122    8216
352     9230    9360
356     9881    9850
360     9530    9486
364     8766    8777
368     8126    8162
372     7687    7519
376     7309    7274
380     7086    6919
384     6805    6872
388     6708    6713
392     6594    6718
396     6562    6575
400     6469    6574
404     6614    6551
408     6550    6558
412     6588    6417
416     6591    6506
420     6567    6568
424     6591    6400
428     6487    6560
432     6514    6533
436     6575    6481
440     6448    6420
444     6527    6564
448     6527    6462
452     6443    6406
456     6549    6518
460     6537    6520
464     6509    6463
468     6449    6478
472     6534    6482
476     6523    6518
480     6429    6467
484     6445    6402cd
488     6582    6519
492     6527    6575