196     6512    6396
200     6581    6544
204     6536    6578
208     6448    6450
212     6484    6531
216     6501    6533
220     6518    6570
224     6569    6467
228     6532    6518
232     6501    6468
236     6556    6584
240     6465    6423
244     6504    6429
248     6495    6538
252     6520    6404
256     6472    6560
260     6493    6475
264     6468    6444
268     6574    6443
272     6509    6446
276     6498    6406
280     6412    6514
284     6443    6437
288     6453    6428
292     6580    6416
296     6513    6505
300     6460    6412
304     6407    6550
308     6475    6560
312     6466    6526
316     6447    6426
320     6542    6510
324     6505    6569
328     6470    6476
332     6480    6564
336     6537    6559
340     6424    6464
344     6841    6627
348     7805    7842
352     7135    8031
356     7464    7691
360     6510    6689
364     6495    6490
368     6501    6500
372     6466    6541
376     6537    6411
380     6546    6392
384     6473    6549
388     6490    6471
392     6576    6419
396     6435    6481
400     6439    6393
404     6503    6392
408     6438    6576
412     6567    6407
416     6405    6504
420     6397    6403
424     6475    6541
428     6470    6563
432     6428    6574
436     6532    6537
440     6437    6413
444     6460    6576
448     6458    6420
452     6487    6439
456     6480    6401
460     6503    6555
464     6418    6415
468     6441    6461
472     6523    6393
476     6550    6514
480     6478    6543
484     6570    6564
488     6522    6516
492     6549    6540
***********************************************************
* PhotonsTot     : 759
* PhotonsDet     : 51
* MaxIndex       : 90   90
* Baseline       : 6508.6       6501.93
* Maximum        : 1812.31      1147.91
* MaxTime        : 90.1866      90.0733
* WeightedArrival: 10.488       10.3736
* MinimumArrival : 6.12525      5.80388
***********************************************************
0       6476    6512
4       6475    6493
8       6515    6392
12      6413    6576
16      6418    6453
20      6560    6467
24      6557    6421
28      6556    6555
32      6487    6529
36      6568    6518
40      6523    6482
44      6562    6577
48      6575    6555
52      6406    6493
56      6538    6506
60      6559    6494
64      6508    6536
68      6448    6416
72      6494    6569
76      6552    6419
80      6523    6494
84      6573    6432
88      6470    6396
92      6540    6413
96      6561    6410
100     6572    6518
104     6523    6478
108     6527    6464
112     6419    6481
116     6575    6423
120     6494    6554
124     6523    6502
128     6406    6417
132     6420    6456
136     6517    6505
140     6585    6553
144     6523    6565
148     6421    6569
152     6424    6431
156     6467    6522
160     6490    6519
164     6526    6568
168     6573    6512
172     6390    6469
176     6439    6408
180     6504    6482
184     6398    6570
188     6440    6534
192     6524    6400
196     6558    6480
200     6584    6455
204     6536    6497
208     6395    6541
212     6460    6432
216     6568    6441
220     6432    6584
224     6469    6427
228     6554    6440
232     6423    6411
236     6534    6424
240     6541    6570
244     6526    6401
248     6578    6544
252     6530    6404
256     6401    6574
260     6465    6580
264     6534    6476
268     6441    6514
272     6519    6468
276     6528    6449
280     6582    6483
284     6458    6442
288     6415    6573
292     6403    6545
296     6483    6405
300     6585    6581
304     6507    6501
308     6390    6506
312     6405    6421
316     6437    6543
320     6459    6539
324     6447    6502
328     6466    6511
332     6538    6498
336     6410    6407
340     6407    6428
344     6536    6481
348     6787    6583
352     6733    7142
356     6673    7062
360     8251    7645
364     6437    6538
368     6474    6400
372     6543    6578
376     6522    6487
380     6579    6427
384     6531    6475
388     6497    6551
392     6409    6475
396     6504    6404
400     6444    6585
404     6551    6559
408     6487    6479
412     6413    6495
416     6482    6428
420     6477    6552
424     6408    6494
428     6517    6527
432     6395    6463
436     6521    6494
440     6470    6428
444     6559    6475
448     6479    6582
452     6572    6415
456     6452    6423
460     6538    6486
464     6402    6453
468     6399    6512
472     6518    6496
476     6513    6392
480     6465    6473
484     6485    6443
488     6498    6504
492     6568    6524
***********************************************************
* PhotonsTot     : 337
* PhotonsDet     : 15
* MaxIndex       : 87   89
* Baseline       : 6506.27      6461.53
* Maximum        : 93.0712      538.43
* MaxTime        : 87.054       88.6882
* WeightedArrival: 10.3382      8.74744
* MinimumArrival : 8.62136      6.99505
***********************************************************
0       6559    6533
4       6555    6521
8       6444    6417
12      6566    6414
16      6492    6405
20      6403    6441
24      6450    6411
28      6465    6396
32      6562    6533
36      6576    6447
40      6564    6541
44      6516    6393
48      6519    6446
52      6404    6520
56      6519    6505
60      6546    6429
64      6577    6420
68      6540    6575
72      6572    6519
76      6492    6578
80      6568    6407
84      6393    6495
88      6570    6546
92      6428    6505
96      6442    6435
100     6426    6409
104     6563    6585
108     6441    6475
112     6415    6401
116     6417    6519
120     6489    6551
124     6426    6574
128     6400    6553
132     6474    6462
136     6573    6523
140     6555    6391
144     6469    6437
148     6419    6512
152     6550    6456
156     6516    6499
160     6455    6563
164     6472    6570
168     6443    6443
172     6437    6511
176     6514    6555
180     6516    6433
184     6407    6390
188     6542    6581
192     6563    6553
196     6473    6561
200     6457    6521
204     6505    6449
208     6442    6551
212     6393    6452
216     6552    6456
220     6454    6567
224     6500    6576
228     6474    6497
232     6468    6405
236     6546    6571
240     6564    6455
244     6426    6582
248     6406    6537
252     6453    6507
256     6418    6503
260     6473    6536
264     6404    6401
268     6576    6584
272     6416    6536
276     6427    6456
280     6486    6510
284     6507    6561
288     6413    6413
292     6558    6446
296     6473    6515
300     6539    6415
304     6461    6501
308     6397    6404
312     6425    6482
316     6412    6391
320     6486    6511
324     6581    6400
328     6529    6433
332     6556    6455
336     6516    6468
340     6546    6530
344     6413    6495
348     6599    6549
352     6542    6909
356     6553    6978
360     6537    6553
364     6555    6455
368     6434    6404
372     6392    6496
376     6438    6560
380     6463    6409
384     6550    6524
388     6498    6412
392     6538    6470
396     6411    6457
400     6416    6558
404     6586    6491
408     6445    6452
412     6521    6525
416     6563    6499
420     6529    6428
424     6505    6510
428     6464    6450
432     6552    6398
436     6430    6464
440     6494    6449
444     6443    6465
448     6414    6405
452     6395    6539
456     6525    6531
460     6576    6519
464     6471    6541
468     6580    6572
472     6532    6427
476     6445    6564
480     6565    6398
484     6435    6515
488     6440    6503
492     6566    6415
***********************************************************
* PhotonsTot     : 777
* PhotonsDet     : 62
* MaxIndex       : 87   89
* Baseline       : 6482.87      6494.2
* Maximum        : 1227.41      1672.36
* MaxTime        : 87.1366      88.6537
* WeightedArrival: 10.5481      10.3043
* MinimumArrival : 6.84487      6.43471
***********************************************************
0       6460    6408
4       6545    6582
8       6420    6402
12      6467    6403
16      6433    6546
20      6578    6572
24      6453    6398
28      6434    6559
32      6565    6506
36      6476    6562
40      6537    6450
44      6466    6561
48      6501    6530
52      6421    6494
56      6487    6440
60      6469    6446
64      6415    6566
68      6512    6567
72      6522    6450
76      6454    6412
80      6424    6556
84      6563    6398
88      6584    6439
92      6511    6417
96      6400    6551
100     6478    6487
104     6478    6446
108     6566    6536
112     6547    6471
116     6560    6507
120     6556    6481
124     6471    6510
128     6480    6544
132     6531    6407
136     6519    6503
140     6437    6417
144     6525    6549
148     6580    6418
152     6578    6443
156     6473    6522
160     6545    6461
164     6485    6414
168     6567    6552
172     6543    6570
176     6521    6446
180     6580    6551
184     6419    6425
188     6426    6406
192     6398    6427
196     6433    6456
200     6556    6568
204     6419    6412
208     6417    6412
212     6571    6513
216     6568    6576
220     6456    6402
224     6450    6543
228     6550    6395
232     6471    6506
236     6474    6536
240     6480    6480
244     6523    6537
248     6578    6534
252     6536    6562
256     6389    6523
260     6511    6564
264     6575    6557
268     6548    6513
272     6502    6444
276     6475    6521
280     6537    6509
284     6557    6560
288     6396    6480
292     6460    6464
296     6413    6571
300     6558    6464
304     6525    6390
308     6541    6500
312     6580    6403
316     6527    6484
320     6398    6438
324     6422    6397
328     6421    6476
332     6511    6493
336     6558    6464
340     6488    6541
344     6624    6801
348     7698    6823
352     7356    7927
356     6695    8091
360     6727    6899
364     6497    6496
368     6571    6519
372     6403    6581
376     6540    6554
380     6439    6566
384     6495    6526
388     6526    6426
392     6403    6414
396     6472    6402
400     6523    6420
404     6545    6408
408     6466    6476
412     6499    6464
416     6447    6462
420     6563    6493
424     6480    6534
428     6485    6488
432     6542    6405
436     6431    6506
440     6456    6514
444     6473    6471
448     6566    6405
452     6574    6529
456     6500    6516
460     6423    6529
464     6470    6452
468     6475    6517
472     6565    6454
476     6462    6441
480     6400    6517
484     6479    6522
488     6522    6530
492     6577    6443
***********************************************************
* PhotonsTot     : 447
* PhotonsDet     : 35
* MaxIndex       : 88   89
* Baseline       : 6488.8       6484.13
* Maximum        : 638.727      971.286
* MaxTime        : 88.2281      89.1263
* WeightedArrival: 11.0239      11.5615
* MinimumArrival : 7.61232      7.82878
***********************************************************
0       6444    6488
4       6497    6521
8       6422    6447
12      6492    6532
16      6507    6548
20      6459    6471
24      6466    6500
28      6586    6439
32      6546    6437
36      6439    6396
40      6472    6447
44      6531    6572
48      6483    6451
52      6578    6428
56      6410    6585
60      6443    6507
64      6533    6507
68      6562    6578
72      6504    6550
76      6548    6460
80      6493    6442
84      6532    6432
88      6439    6499
92      6396    6402
96      6529    6578
100     6511    6585
104     6527    6563
108     6483    6396
112     6395    6492
116     6426    6545
120     6471    6445
124     6410    6503
128     6544    6559
132     6574    6502
136     6455    6443
140     6574    6477
144     6428    6507
148     6522    6580
152     6568    6509
156     6504    6450
160     6584    6389
164     6390    6479
168     6482    6530
172     6502    6442
176     6420    6552
180     6570    6455
184     6419    6544
188     6563    6506
192     6553    6566
196     6563    6573
200     6573    6437
204     6436    6583
208     6441    6541
212     6562    6549
216     6460    6481
220     6449    6402
224     6400    6423
228     6470    6480
232     6422    6521
236     6555    6565
240     6573    6503
244     6541    6527
248     6454    6454
252     6424    6524
256     6425    6479
260     6585    6569
264     6454    6523
268     6436    6511
272     6525    6524
276     6440    6554
280     6461    6585
284     6505    6520
288     6431    6539
292     6461    6443
296     6423    6457
300     6431    6423
304     6574    6452
308     6466    6516
312     6507    6554
316     6432    6404
320     6500    6539
324     6517    6584
328     6553    6422
332     6442    6419
336     6573    6440
340     6487    6547
344     6851    6456
348     6672    7171
352     7099    7001
356     6654    7445
360     6518    6731
364     6415    6651
368     6490    6482
372     6543    6404
376     6562    6427
380     6489    6428
384     6563    6470
388     6429    6411
392     6564    6569
396     6440    6570
400     6494    6396
404     6485    6460
408     6393    6470
412     6405    6524
416     6466    6543
420     6470    6545
424     6444    6534
428     6584    6470
432     6550    6585
436     6420    6547
440     6558    6506
444     6515    6529
448     6578    6567
452     6505    6449
456     6403    6421
460     6524    6436
464     6574    6552
468     6416    6559
472     6574    6556
476     6483    6556
480     6567    6424
484     6511    6449
488     6487    6544
492     6462    6486
***********************************************************
* PhotonsTot     : 918
* PhotonsDet     : 63
* MaxIndex       : 89   89
* Baseline       : 6497.6       6509.87
* Maximum        : 1352.99      1019.24
* MaxTime        : 88.9245      88.8081
* WeightedArrival: 9.91488      9.67741
* MinimumArrival : 6.65004      6.55368
***********************************************************
0       6464    6514
4       6580    6423
8       6520    6546
12      6529    6551
16      6514    6569
20      6520    6461
24      6565    6469
28      6394    6527
32      6434    6427
36      6422    6520
40      6490    6484
44      6532    6494
48      6414    6538
52      6579    6544
56      6507    6581
60      6397    6570
64      6538    6393
68      6494    6541
72      6558    6564
76      6515    6411
80      6459    6447
84      6411    6419
88      6449    6487
92      6475    6495
96      6534    6565
100     6397    6497
104     6516    6532
108     6461    6520
112     6467    6532
116     6538    6513
120     6505    6422
124     6439    6540
128     6575    6460
132     6485    6513
136     6425    6467
140     6585    6394
144     6480    6464
148     6525    6572
152     6407    6498
156     6550    6433
160     6462    6584
164     6542    6520
168     6433    6430
172     6481    6485
176     6558    6392
180     6460    6409
184     6465    6565
188     6447    6506
192     6582    6451
196     6402    6514
200     6398    6442
204     6465    6537
208     6546    6402
212     6448    6476
216     6444    6447
220     6505    6497
224     6442    6396
228     6516    6404
232     6548    6489
236     6469    6541
240     6547    6428
244     6530    6521
248     6473    6484
252     6548    6551
256     6513    6464
260     6407    6497
264     6441    6456
268     6506    6534
272     6460    6467
276     6514    6511
280     6517    6564
284     6485    6542
288     6574    6575
292     6470    6470
296     6488    6395
300     6442    6431
304     6449    6532
308     6401    6404
312     6430    6445
316     6412    6580
320     6448    6458
324     6460    6447
328     6492    6583
332     6491    6390
336     6419    6571
340     6583    6539
344     6560    6421
348     6843    6981
352     7390    6686
356     7846    7495
360     6610    6732
364     6593    6587
368     6413    6473
372     6531    6540
376     6476    6537
380     6436    6538
384     6496    6395
388     6539    6580
392     6482    6492
396     6549    6416
400     6554    6437
404     6499    6490
408     6578    6523
412     6447    6432
416     6427    6480
420     6420    6583
424     6485    6474
428     6576    6550
432     6515    6396
436     6405    6394
440     6488    6497
444     6392    6529
448     6449    6475
452     6525    6447
456     6545    6570
460     6403    6472
464     6513    6527
468     6530    6538
472     6400    6536
476     6557    6499
480     6518    6547
484     6469    6524
488     6573    6540
492     6438    6464
***********************************************************
* PhotonsTot     : 903
* PhotonsDet     : 69
* MaxIndex       : 87   89
* Baseline       : 6483 6449.33
* Maximum        : 1245.16      945.048
* MaxTime        : 87.4597      88.9336
* WeightedArrival: 6.86438      6.19796
* MinimumArrival : 3.76844      3.83864
***********************************************************
0       6446    6443
4       6451    6400
8       6429    6563
12      6501    6434
16      6442    6392
20      6564    6456
24      6500    6423
28      6454    6516
32      6528    6451
36      6540    6438
40      6403    6390
44      6400    6470
48      6506    6429
52      6533    6434
56      6548    6501
60      6518    6556
64      6458    6404
68      6553    6508
72      6467    6540
76      6480    6404
80      6564    6514
84      6434    6457
88      6555    6497
92      6404    6567
96      6493    6421
100     6566    6442
104     6407    6428
108     6486    6488
112     6464    6411
116     6531    6446
120     6520    6436
124     6426    6470
128     6574    6527
132     6511    6563
136     6483    6443
140     6563    6529
144     6499    6390
148     6559    6440
152     6393    6549
156     6419    6550
160     6438    6415
164     6516    6527
168     6506    6436
172     6480    6553
176     6531    6496
180     6517    6444
184     6476    6427
188     6545    6561
192     6443    6412
196     6439    6488
200     6574    6423
204     6526    6472
208     6451    6410
212     6519    6550
216     6527    6539
220     6581    6500
224     6513    6539
228     6534    6402
232     6498    6472
236     6481    6555
240     6554    6400
244     6506    6564
248     6546    6497
252     6395    6476
256     6521    6466
260     6480    6541
264     6405    6520
268     6393    6414
272     6394    6441
276     6521    6481
280     6463    6425
284     6404    6401
288     6561    6582
292     6512    6505
296     6417    6545
300     6404    6519
304     6580    6549
308     6399    6424
312     6473    6578
316     6536    6396
320     6570    6451
324     6510    6483
328     6552    6499
332     6504    6464
336     6412    6407
340     6410    6402
344     6526    6449
348     7620    7198
352     7594    7235
356     6762    7393
360     6886    6890
364     6527    6538
368     6422    6438
372     6436    6394
376     6477    6546
380     6508    6430
384     6530    6579
388     6525    6503
392     6493    6439
396     6407    6567
400     6567    6582
404     6514    6578
408     6406    6448
412     6421    6495
416     6507    6401
420     6578    6512
424     6537    6519
428     6410    6552
432     6570    6559
436     6395    6534
440     6572    6450
444     6518    6422
448     6573    6460
452     6406    6580
456     6510    6574
460     6419    6531
464     6524    6393
468     6424    6504
472     6445    6528
476     6506    6437
480     6521    6582
484     6507    6488
488     6412    6509
492     6491    6430
***********************************************************
* PhotonsTot     : 790
* PhotonsDet     : 46
* MaxIndex       : 89   89
* Baseline       : 6494.6       6504.67
* Maximum        : 829.49       564.783
* MaxTime        : 89.4073      88.962
* WeightedArrival: 14.6441      14.1915
* MinimumArrival : 11.8198      9.46548
***********************************************************
0       6555    6583
4       6507    6400
8       6393    6496
12      6419    6522
16      6455    6495
20      6520    6472
24      6573    6481
28      6547    6513
32      6464    6577
36      6561    6471
40      6586    6535
44      6459    6506
48      6491    6532
52      6423    6572
56      6466    6415
60      6489    6456
64      6392    6464
68      6457    6522
72      6518    6440
76      6414    6576
80      6416    6465
84      6557    6554
88      6446    6533
92      6552    6444
96      6528    6449
100     6549    6497
104     6470    6575
108     6483    6422
112     6434    6430
116     6523    6401
120     6439    6552
124     6422    6479
128     6390    6583
132     6482    6498
136     6581    6526
140     6426    6506
144     6474    6496
148     6518    6560
152     6432    6520
156     6404    6453
160     6413    6506
164     6486    6555
168     6571    6530
172     6450    6584
176     6555    6576
180     6532    6438
184     6396    6493
188     6471    6467
192     6531    6544
196     6421    6445
200     6441    6429
204     6441    6441
208     6419    6556
212     6449    6420
216     6527    6551
220     6584    6424
224     6405    6398
228     6468    6541
232     6542    6541
236     6559    6585
240     6577    6584
244     6463    6471
248     6459    6572
252     6474    6401
256     6466    6511
260     6572    6538
264     6547    6572
268     6475    6505
272     6476    6584
276     6499    6553
280     6493    6445
284     6393    6501
288     6512    6557
292     6468    6469
296     6515    6508
300     6395    6439
304     6578    6483
308     6458    6486
312     6544    6533
316     6480    6533
320     6390    6400
324     6521    6424
328     6573    6552
332     6450    6553
336     6519    6472
340     6417    6404
344     6524    6557
348     6573    6513
352     6656    6666
356     7285    7069
360     7277    6868
364     7242    6810
368     6501    6512
372     6571    6409
376     6468    6421
380     6436    6429
384     6405    6481
388     6483    6547
392     6494    6528
396     6501    6483
400     6475    6548
404     6436    6477
408     6461    6412
412     6455    6545
416     6396    6485
420     6493    6543
424     6497    6415
428     6448    6405
432     6550    6457
436     6560    6438
440     6478    6458
444     6429    6529
448     6397    6492
452     6397    6585
456     6489    6438
460     6457    6433
464     6531    6413
468     6555    6490
472     6483    6390
476     6556    6563
480     6534    6518
484     6579    6563
488     6555    6402
492     6510    6446