***********************************************************
* PhotonsTot     : 19
* PhotonsDet     : 1
* MaxIndex       : 104	34
* Baseline       : 4906.47	4939.13
* Maximum        : 113.081	74.2764
* MaxTime        : 104.326	33.8891
* WeightedArrival: -nan	1924.75
* MinimumArrival : 1e+06	1924.75
***********************************************************
0	4861	4865
4	4934	4961
8	4943	5000
12	4978	4916
16	5008	5000
20	4951	4995
24	4894	4988
28	4841	4934
32	4829	4991
36	4905	4960
40	4891	4832
44	5011	4893
48	4820	4942
52	4876	4856
56	4855	4954
60	4994	4828
64	4889	4980
68	4953	4915
72	4870	4970
76	4858	4937
80	4831	4964
84	4824	4993
88	4940	4826
92	5009	4955
96	5002	4990
100	4893	4971
104	4912	4878
108	4844	4950
112	4982	4912
116	5006	4920
120	4959	4925
124	4951	4908
128	4983	4841
132	4882	4949
136	4821	5012
140	4888	4831
144	4821	4837
148	4875	4877
152	4821	4877
156	4962	4835
160	4848	4841
164	4891	5011
168	4899	4830
172	4924	4996
176	4854	4991
180	4823	4833
184	4919	4899
188	4900	4986
192	4926	4894
196	4952	4992
200	4917	4962
204	5002	4973
208	4979	4950
212	4902	5004
216	4929	4920
220	4831	4885
224	4901	4867
228	4903	4922
232	4861	4853
236	4969	4878
240	4997	4880
244	4886	5011
248	4952	4922
252	4904	4865
256	4859	4972
260	4874	5000
264	5009	4967
268	4958	4880
272	5000	5011
276	4835	4886
280	4960	4968
284	4993	4853
288	4957	4937
292	4855	4919
296	4827	4818
300	4988	4844
304	4904	4919
308	4869	4853
312	4837	4926
316	4883	4906
320	4914	5008
324	4953	4993
328	4855	4914
332	5001	4826
336	4952	4890
340	4991	4940
344	4951	4916
348	4894	4852
352	4937	4966
356	4841	4821
360	4847	4901
364	4889	4823
368	4911	4888
372	4848	4953
376	5002	4955
380	4991	4918
384	4980	5001
388	4922	4846
392	4834	4912
396	4958	5005
400	4989	4938
404	4818	4981
408	4879	4938
412	4847	4873
416	5011	4830
420	4991	4917
424	4893	4834
428	4849	4881
432	4820	4985
436	4973	4976
440	4945	4845
444	4897	4990
448	4976	5008
452	4963	4996
456	5006	4861
460	4936	4896
464	4934	4870
468	4947	4817
472	4834	4892
476	4959	4921
480	4908	4969
484	4827	4857
488	4996	4854
492	4863	4883
***********************************************************
* PhotonsTot     : 12123
* PhotonsDet     : 2335
* MaxIndex       : 104	103
* Baseline       : 4942.07	4909.47
* Maximum        : 1093.16	15821.7
* MaxTime        : 104.383	103.166
* WeightedArrival: 74.381	67.5217
* MinimumArrival : 71.5134	64.4619
***********************************************************
0	4939	4822
4	4876	4900
8	4953	4899
12	5000	4826
16	5008	4959
20	4972	4845
24	5005	5011
28	4893	4859
32	4929	4934
36	4923	4865
40	5006	4998
44	4850	5006
48	4873	4851
52	4993	4916
56	4911	4951
60	4917	4881
64	4831	4838
68	4944	5008
72	4942	4972
76	4820	4956
80	4977	4830
84	5006	4990
88	4933	4977
92	4894	4896
96	4889	4973
100	4873	4840
104	4961	4850
108	4965	4886
112	4973	4965
116	4894	4926
120	4922	4907
124	4981	4973
128	4863	4909
132	4824	5011
136	4947	4826
140	4899	4842
144	4978	4916
148	5002	4847
152	4903	4984
156	4857	4903
160	4856	5012
164	4966	4897
168	4932	4968
172	4894	5008
176	4917	4955
180	4965	4905
184	4883	4937
188	4887	4842
192	4885	4904
196	4848	4821
200	4963	4945
204	4841	5011
208	4866	4960
212	4912	4926
216	4922	4967
220	5005	4893
224	4843	4854
228	4876	4893
232	4819	4860
236	4830	4904
240	4909	4907
244	4841	4962
248	4940	4968
252	4949	4961
256	4856	4881
260	4927	4966
264	4849	4868
268	4842	5010
272	4946	4987
276	4851	4973
280	4991	4991
284	4892	4863
288	4903	4879
292	4916	4975
296	4860	4908
300	4908	4833
304	4859	4908
308	4892	4854
312	4847	4823
316	5007	4881
320	4867	4976
324	4909	4964
328	4819	4852
332	4981	4928
336	4866	4929
340	4915	4848
344	4829	4897
348	4946	4887
352	4906	4940
356	4903	4940
360	4935	4936
364	4989	4863
368	5009	4839
372	4952	4837
376	4898	5008
380	4873	4853
384	4947	4838
388	4907	4946
392	4914	4929
396	4817	4895
400	4905	4904
404	4933	5060
408	5009	16987
412	5081	20644
416	5978	18246
420	5928	7338
424	5583	5207
428	5135	5000
432	4938	4907
436	4858	4982
440	4887	4837
444	4887	4918
448	4985	4983
452	4933	4887
456	4876	4895
460	5013	4872
464	4910	4847
468	4913	4914
472	4929	4831
476	4929	4999
480	4906	4824
484	4946	4860
488	4860	4817
492	5000	4832
***********************************************************
* PhotonsTot     : 13658
* PhotonsDet     : 1000
* MaxIndex       : 102	102
* Baseline       : 4936.2	4936.6
* Maximum        : 3601.94	4388.17
* MaxTime        : 102.085	101.774
* WeightedArrival: 66.4567	64.6048
* MinimumArrival : 62.4909	60.9209
***********************************************************
0	4940	5001
4	4905	4861
8	4964	4971
12	4877	4847
16	4998	4948
20	4821	4924
24	5012	4873
28	4839	4923
32	4951	4982
36	4943	4989
40	4952	4935
44	4866	5003
48	4983	4974
52	4998	4950
56	4994	4868
60	4896	4859
64	5003	4833
68	4892	4951
72	4937	4934
76	4997	5012
80	4958	4913
84	4900	4842
88	4984	4956
92	4863	4964
96	4842	4979
100	4980	4891
104	4982	4838
108	4966	4823
112	4980	4876
116	4860	4856
120	4917	4972
124	4867	4926
128	4920	4842
132	4907	4968
136	4954	4965
140	4959	4984
144	4906	4945
148	4821	4833
152	4905	4864
156	4855	4940
160	4887	4993
164	4875	4863
168	4862	4983
172	4928	4843
176	5006	4943
180	5000	4937
184	4937	4918
188	4835	4921
192	4916	4914
196	4925	4835
200	4846	4982
204	4891	4829
208	4955	4937
212	4975	4968
216	4907	4846
220	4891	4878
224	4872	4891
228	4985	4964
232	5003	4914
236	4916	4990
240	4935	4937
244	4839	4887
248	4817	4949
252	4842	4963
256	5000	4917
260	4832	5004
264	4982	4831
268	4862	4929
272	4866	4924
276	4875	4965
280	4971	4818
284	4935	4836
288	4818	4958
292	4914	4987
296	4901	4860
300	4949	4866
304	4944	4836
308	4959	4969
312	4986	4888
316	4901	4909
320	4976	4996
324	4990	4955
328	4956	4867
332	4907	5005
336	4915	5008
340	4897	4968
344	4862	4882
348	4871	4914
352	4961	4921
356	5011	4842
360	4821	4914
364	5004	5002
368	4848	4926
372	5008	5012
376	4833	5012
380	5013	4865
384	4968	4876
388	4825	4861
392	4820	5004
396	4837	4956
400	4975	5279
404	6128	8538
408	8526	9256
412	7470	7263
416	5265	5538
420	4971	4955
424	4890	4911
428	5003	4969
432	4889	4850
436	4841	4850
440	4980	4971
444	4956	4837
448	4915	5000
452	4869	4826
456	4857	4935
460	4975	4870
464	4958	4997
468	4855	4894
472	4944	4977
476	4835	4880
480	4875	4873
484	4857	4961
488	4849	4998
492	4856	4913
***********************************************************
* PhotonsTot     : 186
* PhotonsDet     : 15
* MaxIndex       : 18	57
* Baseline       : 4913.2	4899.27
* Maximum        : 105.293	113.552
* MaxTime        : 17.685	56.9292
* WeightedArrival: 281.887	276.811
* MinimumArrival : 278.246	275.619
***********************************************************
0	4839	4902
4	4901	4903
8	4899	4869
12	4936	4877
16	4859	4965
20	4959	4833
24	4992	4977
28	4930	4860
32	4913	4917
36	4843	4882
40	4922	4896
44	4925	5004
48	4939	4884
52	4841	4827
56	5000	4893
60	4978	4984
64	4876	5002
68	4989	4995
72	5011	4981
76	4866	4836
80	4938	4828
84	4848	4944
88	4886	4919
92	4901	4852
96	4917	4845
100	4964	4934
104	4928	4841
108	4883	4874
112	4854	4881
116	4984	4902
120	4847	4970
124	4926	5006
128	4818	4927
132	4953	4836
136	5003	4901
140	5001	5006
144	4991	4823
148	4840	4984
152	4863	4837
156	4894	4893
160	4907	4818
164	4822	4858
168	4936	4872
172	4875	4832
176	4897	4818
180	4860	4896
184	4863	4925
188	4950	4868
192	4964	4976
196	5006	4877
200	4920	4944
204	4927	4829
208	4877	4861
212	4936	4834
216	5006	4945
220	4888	4979
224	4870	4821
228	4982	5012
232	4831	4893
236	4858	4817
240	4840	4988
244	5001	4969
248	4898	4953
252	4832	4890
256	4930	4987
260	4860	4949
264	4942	4986
268	4967	4871
272	4862	4817
276	4958	4836
280	4975	4986
284	4853	4950
288	4937	4837
292	4974	4841
296	4950	4936
300	4957	4943
304	4850	4931
308	4953	5002
312	4835	4956
316	4928	4862
320	4819	4842
324	4961	4835
328	4919	5010
332	4943	4857
336	4957	4839
340	5010	5008
344	4905	4834
348	4903	4911
352	4888	4975
356	4887	4982
360	4943	4838
364	4953	4873
368	4841	4935
372	4833	4940
376	5000	4830
380	4836	4980
384	4847	4941
388	4976	4869
392	5006	4946
396	4988	4870
400	4962	4924
404	4819	4891
408	4983	4828
412	4891	4893
416	4865	4975
420	4969	4835
424	4941	4961
428	4966	4961
432	4853	4981
436	4998	4994
440	4856	4962
444	4894	4910
448	4860	4943
452	4936	4887
456	4829	4818
460	4992	4943
464	4929	4936
468	4922	4996
472	4829	4893
476	4931	4826
480	4886	4905
484	4929	4935
488	4907	4866
492	4930	4863
***********************************************************
* PhotonsTot     : 8598
* PhotonsDet     : 996
* MaxIndex       : 110	108
* Baseline       : 4918.53	4892.13
* Maximum        : 948.182	5982.07
* MaxTime        : 109.639	108.063
* WeightedArrival: 93.7286	88.9818
* MinimumArrival : 88.9534	84.6356
***********************************************************
0	4928	4920
4	4913	4822
8	4966	4818
12	4931	4829
16	4911	5002
20	4837	4820
24	4995	4899
28	4887	4910
32	4964	4908
36	4890	4845
40	4918	4934
44	4963	4907
48	4834	4996
52	4931	4906
56	4910	4866
60	4865	4952
64	4954	4833
68	4823	4877
72	4935	4886
76	4856	4899
80	4844	4865
84	4939	4830
88	4954	4944
92	4888	4961
96	5010	4955
100	4971	4969
104	4834	4908
108	4818	4926
112	4876	4972
116	4819	4953
120	4862	4892
124	4952	4823
128	4984	4876
132	4961	4910
136	4857	4818
140	4939	4982
144	4889	4862
148	4911	5012
152	4966	4953
156	4821	4990
160	5004	4831
164	4853	4907
168	4991	4982
172	4969	4889
176	4949	4991
180	5012	4976
184	4954	4828
188	4990	4991
192	4962	4817
196	4859	4835
200	4871	4896
204	4971	4869
208	4859	4892
212	4901	4985
216	4995	4838
220	4836	5008
224	4946	5009
228	4933	4847
232	4863	5011
236	4933	4999
240	4831	4883
244	4960	4829
248	4855	4840
252	4861	4999
256	4837	4880
260	4920	4890
264	4931	4840
268	4854	4854
272	4908	4953
276	4868	4896
280	4839	4904
284	4914	4955
288	4989	4980
292	4943	4845
296	4841	4928
300	4924	4849
304	4906	4908
308	4933	4843
312	4956	4940
316	4837	4870
320	4954	5003
324	4868	4823
328	4995	4901
332	4951	4967
336	4818	4835
340	4867	4999
344	4926	4949
348	4918	4942
352	4819	4856
356	4829	4890
360	4956	4825
364	5010	4969
368	4868	4965
372	4909	4921
376	4837	4907
380	4913	4850
384	4980	4916
388	4851	4983
392	4942	4884
396	4893	4911
400	4961	4885
404	4931	4955
408	4991	4909
412	4877	4824
416	5007	4947
420	4864	4820
424	4910	5325
428	4900	9112
432	5657	10867
436	5787	9056
440	5826	6777
444	5071	5349
448	5173	5035
452	4934	4994
456	4885	4992
460	4994	5010
464	4996	4848
468	4847	4937
472	4888	4844
476	4994	4942
480	4977	4886
484	4984	4982
488	4990	4974
492	5010	4836
***********************************************************
* PhotonsTot     : 4123
* PhotonsDet     : 304
* MaxIndex       : 117	116
* Baseline       : 4893.4	4905.87
* Maximum        : 1124.65	1624.01
* MaxTime        : 117.089	115.916
* WeightedArrival: 121.687	120.46
* MinimumArrival : 118.75	117.32
***********************************************************
0	4962	4837
4	4976	4847
8	4985	5008
12	4904	4817
16	4904	4862
20	4821	4964
24	4898	4926
28	4850	4867
32	4975	4861
36	4894	4967
40	4829	4830
44	4820	4975
48	4887	4943
52	4847	4871
56	4849	5013
60	4858	4925
64	4936	4902
68	4903	4872
72	5003	4948
76	4948	4908
80	4940	4997
84	4970	4997
88	4952	4974
92	4898	4975
96	4959	4937
100	4861	5010
104	4925	4833
108	4978	4992
112	4861	4819
116	4963	4973
120	4956	4870
124	4823	4859
128	4864	4853
132	5003	4939
136	4926	4863
140	4883	4850
144	4871	4944
148	4992	4912
152	4948	4923
156	4976	4961
160	4962	4817
164	4883	4983
168	4840	4827
172	4901	4921
176	4977	4820
180	4904	4997
184	4898	4863
188	4909	4909
192	4997	4996
196	4881	4908
200	4860	4870
204	4849	4840
208	4949	4841
212	4994	4843
216	4841	4879
220	4838	5005
224	4917	4820
228	4832	4933
232	4900	4884
236	4838	4850
240	4843	4947
244	4958	4822
248	4842	4830
252	4824	4928
256	4991	4853
260	4853	4924
264	4973	4820
268	4837	4999
272	4978	4836
276	4883	4951
280	4952	4892
284	4920	4940
288	4904	4945
292	4939	4997
296	4903	4830
300	4935	4966
304	4859	4986
308	4885	4973
312	4881	4965
316	4868	4899
320	4940	4998
324	4989	4887
328	4930	4993
332	4905	4930
336	4834	4901
340	4974	4983
344	4974	4929
348	4894	4818
352	4903	4836
356	4838	4961
360	4911	4947
364	4986	4864
368	4856	5011
372	4933	4868
376	4980	4928
380	4973	4992
384	4849	4870
388	4958	4969
392	4952	4993
396	5013	4848
400	4828	4839
404	4899	4994
408	4873	4912
412	4883	4911
416	4937	4846
420	4830	4876
424	4864	4964
428	4827	4913
432	4931	4834
436	4939	4970
440	4972	4924
444	4840	4888
448	4951	4822
452	4854	4942
456	4998	5000
460	5193	5954
464	5526	6526
468	6013	6041
472	5298	5309
476	5027	4930
480	4894	5024
484	4994	5012
488	4952	4940
492	5008	4873
***********************************************************
* PhotonsTot     : 3680
* PhotonsDet     : 295
* MaxIndex       : 116	117
* Baseline       : 4919.87	4910.87
* Maximum        : 733.186	1637.55
* MaxTime        : 115.989	116.878
* WeightedArrival: 125.725	122.897
* MinimumArrival : 122.947	120.158
***********************************************************
0	4923	4931
4	4867	4947
8	4962	4957
12	4926	4914
16	4871	4867
20	4870	4864
24	4995	4841
28	5000	4869
32	4956	4949
36	4941	4884
40	4838	4974
44	4824	4999
48	4916	4908
52	4897	4909
56	5012	4850
60	4869	5002
64	4970	4998
68	4829	4966
72	4999	4930
76	4938	4822
80	4830	4939
84	4843	4817
88	4944	4981
92	4834	4832
96	4940	4818
100	5010	4996
104	4833	4831
108	4870	4832
112	4821	4904
116	4888	4826
120	4820	5012
124	4978	4869
128	4864	4900
132	5002	4985
136	4899	4886
140	4984	4907
144	4826	4999
148	4863	5005
152	4911	4902
156	4861	4974
160	4878	4862
164	4973	4912
168	4903	5012
172	4959	4955
176	4971	4978
180	4883	4884
184	4885	4928
188	4924	4916
192	4849	4823
196	4945	4875
200	4917	4844
204	4818	4842
208	4858	4823
212	4925	4832
216	4985	4892
220	4842	4839
224	4964	4918
228	4950	4823
232	4817	4878
236	5000	4947
240	4993	4821
244	4818	4964
248	4967	4931
252	4902	4941
256	4925	4960
260	4925	4879
264	4886	4972
268	4983	4964
272	4968	4934
276	4843	4957
280	4847	4884
284	4998	4896
288	4993	4878
292	4870	4894
296	4923	4988
300	4959	4871
304	4897	5012
308	4859	4884
312	4988	4989
316	4922	4985
320	5008	5000
324	4850	4949
328	4845	4840
332	4983	4955
336	4854	4917
340	4967	4995
344	4860	4936
348	4865	4975
352	4903	4866
356	4947	4881
360	4937	4941
364	4839	4896
368	4968	4919
372	4998	4991
376	4878	4920
380	4841	4859
384	4961	4882
388	4887	4924
392	4930	4902
396	4914	4822
400	4834	4865
404	4835	4980
408	4927	4930
412	4982	5007
416	4960	4878
420	4904	4982
424	4818	4962
428	4951	4986
432	4851	4950
436	4894	4945
440	4822	4861
444	4822	4837
448	5004	4892
452	4883	4837
456	4900	4874
460	5082	6027
464	5653	6196
468	5404	6537
472	5357	5194
476	5008	4988
480	4878	4880
484	4831	4958
488	4835	4928
492	4824	5001
***********************************************************
* PhotonsTot     : 75
* PhotonsDet     : 5
* MaxIndex       : 69	110
* Baseline       : 4914	4908.33
* Maximum        : 100.527	102.496
* MaxTime        : 68.7785	109.917
* WeightedArrival: 65.1646	66.3662
* MinimumArrival : 65.1646	65.3174
***********************************************************
0	4898	4905
4	4953	4912
8	4848	4986
12	4943	4859
16	5008	4908
20	4821	4873
24	4981	4887
28	4915	4980
32	4858	4829
36	4898	4883
40	4926	4842
44	4894	4995
48	4883	4976
52	4920	4858
56	4964	4932
60	4899	4831
64	4955	4999
68	4862	4936
72	4899	4822
76	4823	4996
80	5001	4905
84	4857	4855
88	4890	4839
92	4899	4940
96	4929	4967
100	4949	4817
104	4933	4934
108	4906	4901
112	4997	4844
116	4955	4837
120	4928	4993
124	4869	4824
128	4843	4949
132	4906	4883
136	4848	4880
140	4885	4981
144	4923	4886
148	4994	4918
152	4932	4971
156	4940	4835
160	4897	4976
164	5001	4824
168	4911	4873
172	4947	4960
176	4916	4887
180	4949	4944
184	4829	4820
188	4923	4981
192	4881	4899
196	4882	4926
200	4986	4832
204	4949	4993
208	4918	4840
212	4966	4880
216	5012	4976
220	4856	5010
224	4838	4938
228	4872	4841
232	4979	4980
236	4835	4953
240	4946	4947
244	4903	4922
248	4922	4879
252	4877	4841
256	4915	4991
260	4909	4999
264	4995	4895
268	4857	4963
272	4990	4846
276	5013	4977
280	4982	4851
284	4970	4946
288	4929	4935
292	4977	4895
296	4935	4820
300	5009	5005
304	5011	4933
308	4838	4938
312	4946	4957
316	4897	4865
320	4952	4991
324	4938	4897
328	4978	4981
332	4950	4855
336	4986	4851
340	4956	4896
344	4960	4881
348	4855	4894
352	4957	4899
356	4838	4891
360	4900	4949
364	4835	4871
368	4934	5000
372	4910	4972
376	4993	4904
380	4951	4958
384	4952	4991
388	4937	4884
392	4894	4895
396	4909	4987
400	4833	4818
404	4927	4936
408	4984	4896
412	4904	4951
416	4905	4835
420	4824	4897
424	4970	4832
428	4820	4952
432	4817	4915
436	4864	4869
440	4927	5010
444	4949	4926
448	4887	4906
452	4996	4970
456	4986	4907
460	4858	5000
464	4968	4835
468	5002	4956
472	4954	4858
476	4958	4821
480	4992	4844
484	4972	4971
488	4976	4988
492	4822	4967
***********************************************************
* PhotonsTot     : 8184
* PhotonsDet     : 835
* MaxIndex       : 110	110
* Baseline       : 4918.53	4915.47
* Maximum        : 1123.16	5063.87
* MaxTime        : 110.332	109.735
* WeightedArrival: 99.4358	95.3146
* MinimumArrival : 95.3638	91.3524
***********************************************************
0	4825	4950
4	4900	4857
8	4899	4961
12	5000	4971
16	4956	4970
20	4991	4960
24	4903	4913
28	4944	4837
32	4928	4836
36	4897	4970
40	5008	4820
44	4834	4943
48	4978	4965
52	4887	4957
56	4828	4822
60	4929	4914
64	4951	4948
68	4833	4967
72	4908	4963
76	4870	4852
80	4997	4860
84	4827	4922
88	4945	4940
92	4868	4917
96	4993	4929
100	4869	4888
104	5000	4872
108	4852	4935
112	5005	4902
116	4934	4953
120	4930	4838
124	4912	4987
128	4888	4853
132	4888	4837
136	4928	4978
140	4904	4947
144	4957	4938
148	4963	4937
152	4849	5001
156	4993	5004
160	5008	4933
164	4842	4964
168	4923	5006
172	4933	4828
176	4992	5005
180	4858	4837
184	4915	4837
188	4890	5005
192	4881	4960
196	5003	4918
200	4984	5006
204	4908	4903
208	4900	4972
212	4949	4968
216	4919	4981
220	4983	4956
224	4908	4989
228	4895	4944
232	4988	4839
236	4977	4983
240	4880	4916
244	4846	4927
248	4889	4826
252	4881	4842
256	4832	4916
260	4995	4892
264	4823	4891
268	4954	4905
272	4941	4975
276	4844	5006
280	4853	4861
284	4992	4999
288	4946	4855
292	4927	4960
296	4907	5004
300	4865	4854
304	4998	4825
308	4847	4837
312	4883	4853
316	4846	4992
320	4916	4888
324	4941	4977
328	4823	4951
332	4913	4926
336	4937	4904
340	4986	4915
344	4927	4941
348	4926	4899
352	4826	4945
356	4975	4964
360	4994	4945
364	4915	4881
368	4977	4840
372	4854	4948
376	4854	4972
380	4944	4913
384	5004	4962
388	4893	4830
392	4834	4981
396	4841	4964
400	4905	4874
404	4922	4870
408	4874	4960
412	4833	4971
416	4960	4995
420	4947	4835
424	4991	4885
428	4990	4982
432	4970	7183
436	5273	9239
440	5998	9852
444	5881	6372
448	5142	5128
452	4889	4843
456	4890	4821
460	4854	4931
464	4894	4996
468	4890	4833
472	4914	4944
476	4955	4844
480	4851	4823
484	4964	4915
488	4947	4975
492	4894	4929
***********************************************************
* PhotonsTot     : 7986
* PhotonsDet     : 662
* MaxIndex       : 105	104
* Baseline       : 4893.87	4882.67
* Maximum        : 1603.65	3456.42
* MaxTime        : 104.602	103.711
* WeightedArrival: 77.0455	74.8836
* MinimumArrival : 73.1755	70.8145
***********************************************************
0	4889	4943
4	4931	4853
8	4951	4847
12	4858	4853
16	4973	4939
20	4839	4957
24	4910	4910
28	4846	4842
32	4918	4872
36	4856	4847
40	4941	4983
44	4822	4890
48	4882	4858
52	4874	4818
56	4918	4828
60	5007	4917
64	4931	4817
68	4887	4867
72	4845	4939
76	4862	4845
80	4917	4939
84	4968	4937
88	4865	5005
92	5010	4944
96	4914	4841
100	4830	4879
104	4968	4990
108	4827	4876
112	4957	4979
116	4906	4849
120	5006	4971
124	4933	4954
128	4929	4998
132	4851	4886
136	4923	4966
140	4937	4859
144	4932	4936
148	4952	4910
152	4989	4919
156	4961	4858
160	4984	5010
164	4842	4864
168	4931	5011
172	4825	4819
176	4962	4842
180	4907	4879
184	4984	4826
188	4902	4911
192	4935	4889
196	4846	4846
200	4892	4966
204	4979	4940
208	4895	4871
212	4982	4944
216	4983	4913
220	4882	4916
224	4910	4891
228	4859	4850
232	4856	4913
236	4874	4867
240	4973	4830
244	4845	4898
248	4965	4835
252	4943	4924
256	4993	4820
260	4987	4973
264	4963	4868
268	4880	4874
272	4839	4828
276	4828	5004
280	4879	4927
284	4883	4956
288	4857	4989
292	5007	4865
296	5007	4909
300	5001	5000
304	4901	5009
308	4991	4958
312	4955	5010
316	4991	4921
320	4954	4889
324	5010	4985
328	4853	4947
332	4834	4835
336	4826	4901
340	4891	4950
344	4942	4894
348	4954	4952
352	5006	5006
356	4846	4892
360	4878	4836
364	4901	4967
368	4844	4861
372	4910	4924
376	4886	4828
380	4837	4980
384	4980	5012
388	4943	4989
392	4894	4881
396	5001	5003
400	4829	4945
404	4882	4974
408	5007	5108
412	5389	7854
416	6335	8271
420	6424	7224
424	5558	5457
428	4989	4954
432	4954	4934
436	4898	4962
440	4835	4838
444	4921	4919
448	4964	4892
452	4825	4939
456	4949	4891
460	4910	4819
464	4909	4851
468	4891	4860
472	4945	4879
476	4938	4903
480	5008	4950
484	4959	5004
488	4832	4983
492	5011	4907
***********************************************************
* PhotonsTot     : 90
* PhotonsDet     : 14
* MaxIndex       : 66	26
* Baseline       : 4908.93	4903.73
* Maximum        : 104.334	110.837
* MaxTime        : 66.0577	25.8392
* WeightedArrival: 225.354	222.366
* MinimumArrival : 225.354	220.336
***********************************************************
0	4942	5002
4	5003	4819
8	4949	4899
12	4908	4844
16	4922	4825
20	4821	4827
24	4914	4928
28	4897	4903
32	4972	4913
36	4927	4954
40	4840	4884
44	4915	4853
48	4881	4998
52	4915	4914
56	4828	4993
60	4851	4898
64	4883	4953
68	4956	4890
72	4922	4820
76	4842	5008
80	4863	5009
84	4908	4966
88	4898	4962
92	4929	4923
96	4942	4888
100	4839	4980
104	4841	5013
108	4947	4917
112	4928	4998
116	4830	4831
120	4835	4901
124	4820	4849
128	4992	4925
132	4874	4990
136	4819	4938
140	4898	4913
144	4876	4924
148	4914	4954
152	4979	4882
156	4898	4876
160	4901	4982
164	4876	4922
168	4962	4820
172	4860	4899
176	4896	4858
180	4998	4977
184	4861	4818
188	4824	4851
192	4825	4893
196	4948	4972
200	4977	4966
204	4921	4957
208	4910	4903
212	4972	4907
216	4879	4985
220	4993	4951
224	4852	4840
228	4971	4873
232	4922	4836
236	4837	4964
240	4918	4976
244	4843	4931
248	4918	4854
252	4878	4954
256	4966	5010
260	4962	4839
264	5013	4851
268	4911	4936
272	4912	4830
276	4986	4914
280	4975	4846
284	4901	4953
288	5009	4920
292	4910	4821
296	4850	4856
300	4932	4886
304	4850	4879
308	4879	4935
312	4995	4941
316	4899	5008
320	4918	4840
324	4964	4983
328	4970	4845
332	4931	4902
336	4972	4905
340	5010	4889
344	4945	5001
348	4941	5000
352	4847	4935
356	4853	4901
360	4848	4873
364	4910	4901
368	4826	4857
372	4971	4888
376	4874	4919
380	4844	4905
384	5012	4833
388	4889	4931
392	4906	4886
396	4932	4874
400	4819	4947
404	4973	4982
408	4851	4831
412	4816	4987
416	4896	4904
420	4877	4842
424	4976	5000
428	4955	5000
432	4958	4993
436	4921	4863
440	4856	4882
444	4895	4992
448	4979	4891
452	4817	4889
456	4958	4947
460	4996	4879
464	4890	4971
468	4995	4869
472	4956	4983
476	4936	4837
480	5010	4838
484	4992	4900
488	4854	4914
492	4924	5008
***********************************************************
* PhotonsTot     : 5906
* PhotonsDet     : 429
* MaxIndex       : 111	110
* Baseline       : 4900.93	4926.27
* Maximum        : 1980.1	1589.73
* MaxTime        : 110.751	109.881
* WeightedArrival: 96.9159	97.7654
* MinimumArrival : 94.288	95.1074
***********************************************************
0	4845	4871
4	4905	4967
8	4819	4881
12	4961	4965
16	4908	4933
20	4993	4963
24	4856	4831
28	4942	4875
32	4844	4976
36	4943	4842
40	4861	4951
44	4914	4929
48	4895	4990
52	4916	4999
56	4912	4921
60	4828	4905
64	4823	4831
68	4842	4926
72	4945	4998
76	4948	5010
80	4837	4945
84	4837	4861
88	4873	4945
92	5009	4933
96	4939	4884
100	4871	4982
104	4843	4922
108	4931	4834
112	4846	4985
116	4953	4981
120	5003	4916
124	4852	4901
128	4931	4826
132	4945	4832
136	4969	4860
140	4886	5005
144	5007	5002
148	4930	4852
152	4916	4915
156	5003	4967
160	4988	4871
164	4912	4854
168	4959	4930
172	4967	4886
176	4995	4935
180	4887	4909
184	4956	4871
188	4850	4964
192	5005	4991
196	4864	4918
200	4930	4978
204	4979	4900
208	4850	4949
212	4903	4978
216	4949	4852
220	4931	4976
224	4917	4988
228	4899	4820
232	4873	4971
236	4870	4949
240	4874	4962
244	5008	4965
248	4967	4955
252	4879	4886
256	4868	4981
260	4914	4827
264	4841	4915
268	4954	4853
272	4936	4844
276	4944	4988
280	4863	4957
284	4882	4952
288	4966	4907
292	4917	4859
296	4968	5003
300	5007	4889
304	5010	4932
308	4955	4836
312	4859	4956
316	4971	4846
320	4916	4853
324	4958	4951
328	4983	4987
332	4913	4845
336	4872	4918
340	5010	4943
344	4932	4893
348	5009	4835
352	4965	4864
356	4873	4927
360	4949	4841
364	4852	4951
368	4896	5009
372	4866	4851
376	4840	4959
380	4962	5009
384	4853	4946
388	4963	4867
392	4969	4911
396	4872	4913
400	4819	4846
404	4969	5000
408	4866	4873
412	4865	4918
416	4997	4836
420	4962	4856
424	4984	4890
428	4970	4838
432	4824	4929
436	6281	5483
440	6620	6502
444	6836	5702
448	5329	5124
452	5041	5115
456	4884	4830
460	4845	4923
464	4828	4871
468	4870	4829
472	4879	4851
476	4892	4953
480	4905	4967
484	4977	4911
488	4968	5003
492	5005	4907
***********************************************************
* PhotonsTot     : 10213
* PhotonsDet     : 707
* MaxIndex       : 104	103
* Baseline       : 4890.53	4913.87
* Maximum        : 2248.67	3343.41
* MaxTime        : 103.542	103.015
* WeightedArrival: 69.8675	68.5935
* MinimumArrival : 67.1905	65.8052
***********************************************************
0	4840	5000
4	4857	4820
8	4831	4945
12	4876	4941
16	4944	4962
20	5011	4876
24	4946	4930
28	4857	4838
32	4836	4968
36	4880	4861
40	4818	4958
44	4876	4863
48	4958	4958
52	4945	4900
56	4883	4888
60	4938	4823
64	5009	4868
68	4968	4939
72	4869	4994
76	4871	4995
80	4864	4849
84	5010	4955
88	4919	4848
92	4940	4878
96	4859	4921
100	4837	4832
104	4986	4957
108	4994	4844
112	4855	4892
116	4892	4927
120	4856	4931
124	4855	4919
128	4869	4958
132	4837	5005
136	4826	4835
140	4921	4943
144	5010	4972
148	4933	4998
152	4872	5004
156	4864	4974
160	4896	4828
164	4862	4937
168	4902	4976
172	4852	4939
176	4909	4898
180	4950	4958
184	4847	4825
188	4879	4866
192	4933	4845
196	4920	4969
200	4980	4863
204	4999	4910
208	4863	4996
212	4844	4888
216	4971	4817
220	4982	4852
224	4841	4865
228	4984	4988
232	4820	5006
236	4865	4884
240	4969	4931
244	4979	4858
248	4878	4858
252	4881	4924
256	4925	4839
260	4857	4979
264	4995	4962
268	4916	4928
272	4873	4936
276	4839	4936
280	4918	4886
284	4879	4888
288	4924	4822
292	4940	4868
296	4917	4947
300	4938	5009
304	4822	4993
308	4869	4977
312	4993	4953
316	4954	4856
320	4967	4936
324	4979	4874
328	4938	5006
332	4846	4925
336	4824	4927
340	4894	4965
344	4894	4878
348	4911	4943
352	4820	4839
356	4865	4862
360	4966	4971
364	4844	4852
368	4934	4998
372	4831	4912
376	4907	4817
380	4969	4974
384	4855	4974
388	4912	4942
392	4919	4917
396	4962	4999
400	4858	4956
404	4968	5010
408	5751	6828
412	6946	8257
416	6985	7355
420	5420	5488
424	5025	4914
428	5002	4985
432	4879	4952
436	4902	4927
440	4883	4902
444	4973	4878
448	5008	4918
452	4944	4948
456	5004	4935
460	4922	4904
464	4940	4943
468	4957	4868
472	4944	4920
476	4951	4981
480	4960	4951
484	4862	4871
488	4840	4900
492	4861	4884
***********************************************************
* PhotonsTot     : 8524
* PhotonsDet     : 729
* MaxIndex       : 108	107
* Baseline       : 4899.93	4916.53
* Maximum        : 1564.47	4463.75
* MaxTime        : 107.59	106.714
* WeightedArrival: 87.8681	84.8471
* MinimumArrival : 85.1506	82.1224
***********************************************************
0	4956	4929
4	4871	4919
8	4957	4993
12	4907	4974
16	4823	4968
20	4967	4885
24	4837	4855
28	4831	4923
32	4922	4934
36	4996	4827
40	4882	4918
44	4930	4981
48	4845	4879
52	4869	4858
56	4906	4905
60	4955	4906
64	4904	4914
68	4909	4939
72	4840	4936
76	4975	4972
80	5011	5006
84	4950	4987
88	4863	4974
92	4839	4937
96	4853	4957
100	4998	4830
104	4980	4863
108	4906	4848
112	4873	4877
116	5011	5010
120	4982	4833
124	4869	4929
128	4858	4925
132	4832	4911
136	4876	4983
140	5013	4955
144	4924	5000
148	4982	4855
152	4928	4817
156	4889	5012
160	4887	4969
164	4935	4962
168	4934	4953
172	5000	4950
176	4935	4852
180	4922	4883
184	4820	4955
188	4954	4882
192	4989	4955
196	4853	4865
200	4904	4960
204	4829	4838
208	4949	4832
212	4953	4844
216	4879	4837
220	4999	4901
224	4892	4943
228	4842	4861
232	4987	4846
236	4950	4992
240	4922	4899
244	4984	4892
248	4845	4865
252	4966	4862
256	4948	5001
260	4901	4951
264	4891	4873
268	4890	4933
272	4841	4921
276	4869	4830
280	4823	4908
284	4940	4886
288	4859	4905
292	4922	4977
296	4869	4876
300	4984	4874
304	4865	5008
308	4929	4988
312	4999	4865
316	4930	4853
320	4901	4931
324	4990	4963
328	4835	4854
332	4831	4861
336	4965	4980
340	4887	4979
344	4907	4925
348	4979	4990
352	4843	4908
356	5003	4894
360	5003	4876
364	4877	4988
368	4935	4976
372	4977	4891
376	4982	4934
380	4927	4889
384	4939	4869
388	4924	4822
392	4864	4996
396	4854	4822
400	4865	4892
404	4967	4834
408	4889	4818
412	4973	4835
416	4894	4990
420	4883	5507
424	5328	8654
428	6304	9255
432	6385	6672
436	5503	5142
440	4897	4969
444	4970	4949
448	4917	4867
452	4818	4833
456	4930	4871
460	4922	4829
464	5006	4996
468	4879	4913
472	4937	4937
476	4857	4825
480	4911	4891
484	4968	5002
488	4992	4840
492	4867	4978
***********************************************************
* PhotonsTot     : 1023
* PhotonsDet     : 91
* MaxIndex       : 104	104
* Baseline       : 4932.87	4924.73
* Maximum        : 632.784	306.309
* MaxTime        : 104.096	103.929
* WeightedArrival: 71.3497	74.9375
* MinimumArrival : 68.8476	72.5282
***********************************************************
0	4937	4862
4	5001	4886
8	4979	4936
12	4980	4992
16	4932	5008
20	4923	4996
24	4988	4856
28	4867	4826
32	4976	4826
36	4951	4968
40	4863	4999
44	4952	4897
48	4847	4966
52	4831	4942
56	4966	4911
60	4987	4975
64	4962	4975
68	4952	5003
72	4873	4882
76	4857	5011
80	4844	4881
84	4973	4948
88	5005	4894
92	4906	4822
96	4977	4870
100	4893	4866
104	4988	4899
108	4883	4995
112	4906	4959
116	4975	4913
120	5000	4949
124	4879	4964
128	5010	4856
132	4970	4897
136	5003	4939
140	4966	4899
144	4850	4838
148	4918	4900
152	4905	4838
156	4856	4884
160	4989	4981
164	4998	4913
168	4974	4884
172	4863	4948
176	4959	5010
180	4856	4958
184	4823	4859
188	4913	4903
192	4914	5007
196	4940	4869
200	4946	5009
204	4877	4844
208	4865	4932
212	4932	4856
216	4882	4912
220	4956	4935
224	4825	4829
228	5004	4976
232	4866	4850
236	4854	4952
240	4925	4861
244	4882	4847
248	4945	4872
252	4979	4982
256	4882	4914
260	4868	5006
264	4945	4985
268	4995	4828
272	4918	4941
276	4942	4925
280	4838	4976
284	4901	4879
288	5006	4933
292	4913	4936
296	5006	4928
300	4987	4829
304	4936	5012
308	4988	4855
312	4993	4861
316	4843	4916
320	4960	4830
324	4883	4997
328	4924	4918
332	4972	4931
336	4846	4838
340	4840	5009
344	4858	4979
348	4996	4884
352	4837	4893
356	5009	4932
360	4833	4966
364	5001	5007
368	5007	4969
372	4873	4849
376	4913	4982
380	4946	4924
384	4969	4963
388	4936	4871
392	4929	4954
396	4977	4883
400	4926	4901
404	4884	4926
408	4998	4939
412	5183	5107
416	5561	5230
420	4995	4917
424	4846	5011
428	4966	4952
432	4819	4819
436	5001	4924
440	4919	4931
444	4986	4940
448	4939	4912
452	4851	4875
456	4842	4872
460	4849	4817
464	5010	4934
468	5011	4850
472	4894	4960
476	4969	4884
480	4893	4949
484	4967	4973
488	4926	4942
492	4932	4867
***********************************************************
* PhotonsTot     : 3306
* PhotonsDet     : 502
* MaxIndex       : 107	105
* Baseline       : 4933.53	4910.07
* Maximum        : 617.594	3222.15
* MaxTime        : 107.115	105.448
* WeightedArrival: 84.2197	78.3853
* MinimumArrival : 81.2239	75.6937
***********************************************************
0	4929	4826
4	4997	4948
8	4959	4980
12	4983	4852
16	4906	4837
20	4948	4976
24	4991	4855
28	5010	4993
32	5006	4819
36	4834	4933
40	4880	4879
44	4991	4990
48	4890	4902
52	4845	4963
56	4834	4898
60	5009	4984
64	4828	4870
68	4881	5006
72	4961	4912
76	4991	4956
80	4938	4868
84	5003	4899
88	4834	4901
92	4969	4912
96	4949	4890
100	4876	4855
104	4957	4889
108	4819	4834
112	5007	4919
116	4992	4952
120	4865	4941
124	4897	4884
128	4990	4937
132	4918	4826
136	4952	4839
140	4873	4879
144	4871	4878
148	4966	5003
152	4848	4851
156	4821	4920
160	4887	4855
164	4977	4861
168	4930	4993
172	4939	4989
176	4892	4976
180	4855	4894
184	4941	4829
188	4827	4994
192	5008	4983
196	4991	4890
200	4985	4847
204	4837	4910
208	4871	4899
212	5002	4930
216	4938	4841
220	4967	4940
224	4915	4903
228	4922	4916
232	4900	4878
236	4933	4867
240	4885	4867
244	4960	4941
248	4989	4863
252	4877	4938
256	4829	4822
260	4830	4916
264	4825	4846
268	4863	4970
272	4961	4924
276	4831	4879
280	4840	4989
284	4926	4885
288	4942	4897
292	4899	4893
296	4979	4903
300	5010	4936
304	4872	4882
308	4961	4932
312	4893	4968
316	4923	4883
320	4960	4920
324	4956	4962
328	4925	4963
332	4948	4848
336	4956	4850
340	4959	4941
344	4901	4852
348	4900	4826
352	4934	4963
356	4933	4869
360	4897	4818
364	4975	4958
368	4895	4920
372	5001	4860
376	4969	4970
380	4835	5007
384	4947	4891
388	4917	4875
392	4827	4868
396	4964	4831
400	4904	4897
404	4974	4830
408	4898	4978
412	4835	5006
416	4845	7327
420	4978	8006
424	5136	7866
428	5544	5438
432	4967	5097
436	4953	4849
440	4833	4998
444	4992	4999
448	4975	4927
452	4911	4858
456	4913	4928
460	4894	4940
464	4847	5012
468	4852	4835
472	4898	4946
476	4840	5000
480	4998	4920
484	4948	4828
488	4957	4901
492	4890	4988
***********************************************************
* PhotonsTot     : 11727
* PhotonsDet     : 862
* MaxIndex       : 101	102
* Baseline       : 4907.67	4929
* Maximum        : 3351.2	3531.95
* MaxTime        : 101.32	101.627
* WeightedArrival: 60.9912	61.2336
* MinimumArrival : 58.1834	58.556
***********************************************************
0	4868	4981
4	4856	4985
8	5000	4904
12	4909	4883
16	4851	4845
20	4886	5010
24	4985	5002
28	4935	4893
32	4862	4876
36	4832	4918
40	4959	4909
44	4972	4930
48	4834	4893
52	5011	4933
56	4855	4973
60	4957	4960
64	4832	4962
68	4820	4888
72	4831	4883
76	5010	4836
80	5000	4921
84	4862	4841
88	4915	4987
92	4883	4881
96	4947	4822
100	4877	4900
104	4953	4898
108	5005	4904
112	4872	4860
116	4953	4899
120	4954	4876
124	4845	4972
128	4889	4864
132	4891	5006
136	4867	4912
140	4960	4876
144	4994	4944
148	4888	4896
152	4837	4846
156	4933	4882
160	4905	4840
164	4880	4833
168	4963	4974
172	4982	4901
176	4950	4864
180	4839	4932
184	4817	4847
188	4969	4896
192	4952	4962
196	4938	4946
200	4962	4865
204	4956	4873
208	4882	4957
212	4854	4985
216	4824	4830
220	4892	4967
224	4886	4826
228	4997	4935
232	4944	4833
236	5000	4846
240	4871	4904
244	4970	4948
248	4935	5010
252	4985	4879
256	4949	4952
260	4954	4932
264	4830	4893
268	4968	4969
272	4920	4924
276	4869	4845
280	4874	4876
284	4981	4883
288	4918	4933
292	5009	5008
296	4991	4984
300	5013	4926
304	4946	4878
308	5012	4829
312	5003	4929
316	4964	4878
320	4990	4992
324	4896	4938
328	4915	4984
332	4956	4936
336	4863	4967
340	4844	4837
344	4995	5004
348	4861	4839
352	4819	4910
356	4925	4993
360	4924	4836
364	4852	4862
368	4983	4980
372	4817	4901
376	4824	5007
380	4923	4817
384	4917	4830
388	4835	4988
392	4966	4827
396	4929	4848
400	6846	6626
404	8171	8075
408	7841	8285
412	5576	5531
416	4987	4942
420	4868	4975
424	4851	4858
428	4969	4829
432	5001	4817
436	4894	4825
440	4837	4859
444	4997	4851
448	4888	4964
452	4822	4973
456	4926	4952
460	4869	4983
464	4950	5000
468	4898	4976
472	4928	4925
476	4840	4923
480	4919	4862
484	4985	4962
488	4880	4834
492	4883	4825
***********************************************************
* PhotonsTot     : 385
* PhotonsDet     : 23
* MaxIndex       : 69	88
* Baseline       : 4916	4917.33
* Maximum        : 96.7482	101.077
* MaxTime        : 68.9168	87.6084
* WeightedArrival: 362.208	362.821
* MinimumArrival : 358.869	360.551
***********************************************************
0	4984	4942
4	4964	4996
8	4858	4932
12	4845	4958
16	4925	4936
20	4910	4894
24	4888	4896
28	4865	4866
32	4928	4942
36	5008	4890
40	4980	4980
44	4879	4821
48	4942	4924
52	4825	4895
56	4939	4888
60	4894	4853
64	5008	4981
68	4929	4821
72	4895	4889
76	4872	4927
80	4975	5011
84	4890	4878
88	4871	4962
92	4819	4925
96	4965	4888
100	4922	5000
104	4868	4865
108	4940	4820
112	5011	5009
116	4827	4872
120	4919	4826
124	4863	4832
128	4829	4925
132	5001	4910
136	4858	4914
140	4890	4928
144	4982	5001
148	4893	5006
152	4820	4999
156	4835	4867
160	4964	5009
164	4913	4873
168	4860	4872
172	4932	4890
176	4836	4925
180	4835	5012
184	4948	5003
188	4935	4912
192	4882	4902
196	4963	5012
200	4888	4833
204	5003	4958
208	5004	4875
212	4917	5004
216	4919	4893
220	4847	4996
224	5005	4991
228	4821	4858
232	4916	4875
236	4956	5011
240	4921	4836
244	4915	4875
248	4849	5005
252	4922	4845
256	4968	4975
260	4871	4833
264	4859	4920
268	4929	5012
272	4884	4867
276	5012	5011
280	4939	4861
284	4936	5010
288	4988	4881
292	5004	4847
296	5002	4872
300	4822	4948
304	4897	4821
308	4856	4977
312	4993	4996
316	4912	4996
320	4900	4985
324	4834	4845
328	4895	5000
332	4983	5000
336	4946	4910
340	4835	4874
344	4919	4981
348	4886	5008
352	4911	5012
356	4898	4911
360	4930	4950
364	4928	4927
368	4921	4904
372	4867	4909
376	4863	4925
380	4911	4887
384	4991	4952
388	4957	4945
392	4962	4908
396	4930	4871
400	4860	5000
404	4962	4894
408	4903	4977
412	4958	4918
416	5002	4971
420	4997	4933
424	4962	4998
428	4934	4835
432	4828	4922
436	4984	4910
440	5002	4853
444	4921	4835
448	5001	5001
452	4920	4865
456	4898	4911
460	4840	4859
464	4862	4943
468	4923	4998
472	4980	4824
476	4960	4863
480	4945	4969
484	4941	4991
488	4995	4827
492	4857	4973
***********************************************************
* PhotonsTot     : 1086
* PhotonsDet     : 105
* MaxIndex       : 103	103
* Baseline       : 4931.27	4915.6
* Maximum        : 791.235	272.867
* MaxTime        : 102.791	103.154
* WeightedArrival: 67.6997	69.8899
* MinimumArrival : 64.971	68.1641
***********************************************************
0	4996	4845
4	5002	4824
8	4918	4852
12	4850	4966
16	4924	4991
20	4961	4964
24	4943	4851
28	4953	4950
32	5008	4952
36	4962	4827
40	4817	4923
44	4923	5003
48	4930	4927
52	4942	4884
56	4840	4975
60	4972	4901
64	4896	4944
68	4856	4881
72	4835	4988
76	4972	4910
80	4883	4997
84	5000	4918
88	4998	4816
92	4909	4865
96	4836	4944
100	4980	4896
104	4819	4825
108	4940	4893
112	4953	4900
116	4944	4960
120	4946	4868
124	4985	4916
128	5009	4922
132	4852	4849
136	4985	5009
140	4914	4817
144	4840	4883
148	4893	4948
152	4922	4831
156	4860	4926
160	4946	4969
164	4967	4819
168	5004	4885
172	4960	4988
176	4949	4937
180	4957	5002
184	4997	4830
188	4868	4954
192	4864	4833
196	4992	4916
200	4888	4941
204	4952	4879
208	4903	4908
212	4840	4954
216	4935	4992
220	4987	4837
224	4926	4924
228	4934	4903
232	4976	4850
236	4909	4899
240	4818	4931
244	4837	5008
248	4909	4896
252	4992	4832
256	4918	4998
260	4849	4880
264	4937	4864
268	4990	4982
272	5007	4964
276	4919	4903
280	4979	5001
284	4952	4864
288	4821	4931
292	5011	4900
296	4929	4859
300	4828	4908
304	4936	5011
308	4951	4830
312	4933	4912
316	5005	4850
320	4860	5010
324	4830	4881
328	4912	4934
332	4987	4903
336	4881	4968
340	4942	4839
344	5012	4999
348	4850	4817
352	5006	4940
356	4981	4974
360	4831	4845
364	4862	4847
368	4957	4943
372	4945	4878
376	4977	4966
380	4896	4969
384	4832	4975
388	4951	4990
392	4991	4958
396	4906	4950
400	4835	4901
404	4991	4961
408	5533	5003
412	5706	5183
416	5061	4960
420	5106	4990
424	5002	5004
428	4970	4955
432	4838	5005
436	4838	4970
440	4975	4864
444	4969	4881
448	5009	4939
452	4968	5002
456	4894	4990
460	4836	4930
464	4898	4882
468	4954	4956
472	4912	4857
476	4827	5000
480	4862	4831
484	4881	4940
488	4875	4870
492	4927	4925
***********************************************************
* PhotonsTot     : 7429
* PhotonsDet     : 546
* MaxIndex       : 102	102
* Baseline       : 4891.13	4930.2
* Maximum        : 1273.97	2790.23
* MaxTime        : 102.422	102.204
* WeightedArrival: 65.3244	63.8444
* MinimumArrival : 59.8094	58.6007
***********************************************************
0	4854	4909
4	4997	5012
8	4836	4985
12	4817	5009
16	4880	4881
20	4829	4854
24	4871	4874
28	4906	5007
32	4843	4907
36	4969	4946
40	4857	4943
44	4957	4843
48	4913	4923
52	4839	4991
56	4999	4869
60	4929	4926
64	4862	5004
68	5008	4914
72	4871	4938
76	5003	4986
80	4938	4974
84	4915	4822
88	4996	4851
92	4993	4839
96	4913	4917
100	4997	4966
104	4946	4844
108	4939	4856
112	4925	4981
116	4942	4864
120	4979	4853
124	4885	4987
128	5011	4850
132	4916	4823
136	4922	4907
140	4860	4887
144	5005	4943
148	4877	4998
152	4919	4820
156	4870	4992
160	4887	4881
164	4870	4886
168	4877	4985
172	4971	4864
176	4941	4951
180	4921	4945
184	4975	4881
188	4835	4967
192	4933	4847
196	4931	4988
200	4992	4900
204	4929	4902
208	4897	4871
212	4922	4922
216	4943	4885
220	4817	5005
224	4954	4976
228	4981	4849
232	4868	4838
236	4832	4867
240	4833	4842
244	4987	4894
248	4868	4850
252	4848	4826
256	4996	4877
260	4881	4829
264	4980	4915
268	4913	4894
272	4839	4958
276	4893	4963
280	4945	4898
284	4931	4918
288	4960	4925
292	4832	4937
296	4853	4828
300	4979	4941
304	4863	5003
308	4943	4995
312	4816	4934
316	4871	4920
320	4992	5010
324	5003	4920
328	4857	4932
332	4993	4889
336	4937	5008
340	4929	4863
344	4821	4989
348	4856	4821
352	4942	4943
356	4831	4956
360	4888	5003
364	5008	4878
368	4973	4864
372	4915	4899
376	4825	4841
380	4885	4871
384	4944	4972
388	4867	4912
392	5008	4817
396	5003	4899
400	5159	6014
404	5912	6289
408	6135	7653
412	6094	6287
416	5526	5131
420	4946	5011
424	4960	4943
428	4853	4821
432	4875	4912
436	4829	4854
440	4988	4922
444	4881	4918
448	4848	4867
452	4905	4942
456	4851	4994
460	4999	4963
464	4866	4859
468	4861	4858
472	5005	5013
476	4851	4901
480	4895	4855
484	5009	4930
488	4945	4877
492	4915	4885
***********************************************************
* PhotonsTot     : 7155
* PhotonsDet     : 595
* MaxIndex       : 109	109
* Baseline       : 4917.4	4904.2
* Maximum        : 1636.09	2763.66
* MaxTime        : 109.029	109.43
* WeightedArrival: 95.2161	93.8083
* MinimumArrival : 88.9775	87.4723
***********************************************************
0	4876	5005
4	4839	4866
8	4882	4963
12	4989	4821
16	4940	4972
20	4965	4950
24	4930	4920
28	4971	4924
32	4821	4938
36	4913	4903
40	4823	4825
44	4985	4850
48	4934	4834
52	4971	4863
56	4922	4929
60	4875	5005
64	4818	4956
68	4889	4869
72	4865	4869
76	4952	4935
80	4872	4949
84	4925	4945
88	4889	4932
92	4835	4994
96	4867	4849
100	4869	4898
104	4895	4858
108	4975	4991
112	4980	4856
116	4935	4995
120	4945	4839
124	4984	4995
128	4866	4939
132	4932	4893
136	4827	4877
140	5009	4903
144	4862	4984
148	4905	4937
152	4935	4967
156	4990	4823
160	4931	4963
164	4891	4967
168	4882	4924
172	4902	4891
176	5010	4915
180	4945	4849
184	4950	4865
188	4961	4956
192	4972	4929
196	4946	4839
200	4904	4898
204	4818	4946
208	4863	4913
212	4826	4871
216	4834	4866
220	4984	4905
224	4987	4900
228	4929	4957
232	4872	4989
236	4864	4869
240	4883	4877
244	4948	4913
248	5011	4903
252	4899	4999
256	4921	4843
260	4861	4831
264	4841	4920
268	4897	4909
272	4835	4885
276	4946	4926
280	4953	4904
284	4993	4894
288	4898	4980
292	4856	4911
296	5005	4891
300	4933	4917
304	4986	4881
308	4993	4903
312	4922	5010
316	4991	4861
320	4949	4951
324	4978	4903
328	4861	4861
332	4954	4950
336	4918	4972
340	4886	4892
344	4953	4966
348	4833	4848
352	4958	4883
356	4940	4936
360	5012	4929
364	4875	4931
368	4874	5008
372	4832	4846
376	4937	4876
380	4833	5006
384	4954	4979
388	4970	4914
392	4896	4819
396	4856	4910
400	4823	4963
404	4860	4957
408	5001	4947
412	4846	4831
416	4817	4831
420	4956	4900
424	4895	5011
428	4876	5129
432	5755	6580
436	6553	7549
440	6138	7423
444	5452	5537
448	4998	5043
452	4869	4951
456	4860	4968
460	4873	4999
464	4827	4866
468	4944	4882
472	5011	4837
476	4943	4817
480	4859	4973
484	4864	5009
488	4925	4924
492	4942	4983
