276     6576    6476
280     6541    6520
284     6529    6566
288     6554    6562
292     6440    6497
296     6547    6481
300     6515    6583
304     6438    6521
308     6486    6509
312     6487    6462
316     6450    6453
320     6510    6576
324     6574    6554
328     6535    6556
332     6407    6454
336     6426    6493
340     6477    6481
344     8689    9181
348     44770   53368
352     65535   54816
356     44446   48678
360     25099   18778
364     11069   9383
368     6759    6687
372     6525    6471
376     6533    6521
380     6436    6512
384     6560    6571
388     6432    6521
392     6477    6539
396     6459    6391
400     6527    6491
404     6555    6528
408     6544    6406
412     6409    6507
416     6540    6520
420     6558    6529
424     6517    6528
428     6540    6580
432     6528    6422
436     6419    6544
440     6448    6403
444     6392    6575
448     6579    6549
452     6469    6550
456     6392    6452
460     6533    6488
464     6415    6571
468     6419    6399
472     6440    6428
476     6409    6494
480     6487    6462
484     6445    6438
488     6458    6509
492     6469    6566
***********************************************************
* PhotonsTot     : 3131
* PhotonsDet     : 203
* MaxIndex       : 88   89
* Baseline       : 6472.6       6504.27
* Maximum        : 30384.1      14792.6
* MaxTime        : 87.8429      88.9016
* WeightedArrival: 7.3245       8.00758
* MinimumArrival : 4.41612      4.3211
***********************************************************
0       6518    6567
4       6422    6509
8       6480    6553
12      6477    6562
16      6542    6505
20      6568    6446
24      6428    6560
28      6402    6498
32      6424    6446
36      6408    6437
40      6429    6491
44      6503    6553
48      6481    6552
52      6554    6487
56      6453    6398
60      6448    6439
64      6464    6427
68      6437    6448
72      6544    6582
76      6512    6555
80      6503    6495
84      6547    6586
88      6463    6389
92      6523    6396
96      6462    6543
100     6522    6514
104     6443    6439
108     6541    6525
112     6577    6575
116     6403    6471
120     6455    6567
124     6507    6443
128     6425    6545
132     6527    6532
136     6392    6476
140     6545    6458
144     6508    6511
148     6404    6464
152     6503    6442
156     6483    6460
160     6537    6548
164     6498    6428
168     6445    6438
172     6553    6555
176     6585    6389
180     6555    6407
184     6503    6564
188     6419    6441
192     6402    6565
196     6431    6439
200     6434    6464
204     6464    6459
208     6428    6547
212     6395    6531
216     6436    6525
220     6529    6507
224     6477    6531
228     6436    6505
232     6524    6471
236     6433    6418
240     6564    6420
244     6544    6568
248     6558    6496
252     6469    6571
256     6545    6501
260     6469    6423
264     6458    6399
268     6574    6561
272     6583    6556
276     6434    6397
280     6450    6439
284     6581    6530
288     6532    6565
292     6422    6421
296     6400    6504
300     6576    6577
304     6444    6563
308     6414    6534
312     6576    6484
316     6424    6417
320     6418    6457
324     6414    6503
328     6565    6503
332     6449    6394
336     6399    6392
340     6543    6477
344     6441    6514
348     20074   18913
352     36421   18848
356     21200   21245
360     10189   11985
364     8548    7017
368     6480    6553
372     6395    6571
376     6447    6456
380     6508    6457
384     6410    6412
388     6400    6478
392     6449    6412
396     6437    6507
400     6512    6433
404     6412    6409
408     6504    6557
412     6456    6492
416     6484    6538
420     6486    6420
424     6457    6525
428     6547    6423
432     6397    6577
436     6541    6475
440     6488    6485
444     6509    6409
448     6448    6575
452     6405    6427
456     6570    6415
460     6436    6522
464     6435    6534
468     6498    6492
472     6463    6576
476     6508    6498
480     6492    6580
484     6457    6453
488     6405    6485
492     6475    6493
[WARNING] nDetRunAction: One or more PMT's traces have saturated! Recommend lowering the gain.
***********************************************************
* PhotonsTot     : 10084
* PhotonsDet     : 732
* MaxIndex       : 88   88
* Baseline       : 6500.47      6488.33
* Maximum        : 59042.8      62545.1
* MaxTime        : 88.0229      87.4665
* WeightedArrival: 9.01138      9.31035
* MinimumArrival : 4.76907      5.01842
***********************************************************
0       6494    6456
4       6516    6553
8       6470    6464
12      6491    6447
16      6546    6402
20      6460    6521
24      6500    6572
28      6400    6535
32      6530    6550
36      6581    6397
40      6576    6450
44      6395    6398
48      6407    6576
52      6574    6512
56      6567    6492
60      6439    6505
64      6435    6563
68      6475    6553
72      6497    6536
76      6522    6534
80      6447    6544
84      6484    6572
88      6478    6519
92      6577    6409
96      6416    6392
100     6562    6476
104     6496    6579
108     6551    6392
112     6422    6457
116     6505    6426
120     6486    6406
124     6515    6461
128     6434    6393
132     6554    6553
136     6469    6412
140     6468    6519
144     6524    6568
148     6585    6544
152     6512    6406
156     6487    6548
160     6467    6434
164     6464    6519
168     6393    6485
172     6402    6418
176     6400    6504
180     6502    6462
184     6575    6576
188     6398    6394
192     6551    6574
196     6468    6407
200     6434    6568
204     6413    6580
208     6435    6443
212     6426    6409
216     6525    6541
220     6391    6579
224     6447    6510
228     6496    6451
232     6545    6507
236     6416    6474
240     6432    6391
244     6551    6532
248     6497    6391
252     6400    6515
256     6421    6491
260     6487    6468
264     6566    6500
268     6451    6573
272     6432    6536
276     6552    6500
280     6522    6441
284     6420    6493
288     6429    6459
292     6442    6436
296     6492    6555
300     6419    6515
304     6433    6434
308     6472    6464
312     6559    6464
316     6454    6547
320     6439    6477
324     6499    6570
328     6406    6515
332     6526    6489
336     6492    6389
340     6446    6459
344     22219   23879
348     51718   65412
352     65535   65535
356     47914   50369
360     13934   14592
364     6553    7484
368     6436    6403
372     6392    6392
376     6552    6584
380     6465    6415
384     6479    6572
388     6543    6432
392     6391    6436
396     6397    6460
400     6490    6464
404     6484    6464
408     6512    6581
412     6393    6489
416     6487    6470
420     6483    6485
424     6395    6475
428     6570    6391
432     6409    6533
436     6473    6392
440     6418    6487
444     6578    6543
448     6405    6581
452     6399    6463
456     6539    6559
460     6513    6457
464     6448    6567
468     6565    6510
472     6526    6452
476     6404    6524
480     6530    6405
484     6449    6498
488     6421    6565
492     6523    6540
***********************************************************
* PhotonsTot     : 1479
* PhotonsDet     : 106
* MaxIndex       : 86   88
* Baseline       : 6474.67      6476.47
* Maximum        : 10526.5      12990.8
* MaxTime        : 85.9794      88.0422
* WeightedArrival: 6.7793       7.56816
* MinimumArrival : 4.03322      4.11062
***********************************************************
0       6427    6495
4       6404    6535
8       6438    6522
12      6399    6488
16      6547    6468
20      6493    6450
24      6461    6404
28      6457    6460
32      6485    6482
36      6492    6552
40      6493    6450
44      6427    6448
48      6492    6507
52      6569    6437
56      6536    6449
60      6550    6519
64      6438    6484
68      6421    6564
72      6395    6434
76      6554    6441
80      6412    6439
84      6503    6427
88      6447    6564
92      6429    6421
96      6505    6394
100     6425    6528
104     6496    6493
108     6534    6583
112     6424    6456
116     6415    6541
120     6394    6504
124     6442    6492
128     6560    6471
132     6541    6541
136     6564    6464
140     6541    6500
144     6533    6497
148     6578    6546
152     6504    6553
156     6485    6473
160     6454    6522
164     6577    6538
168     6435    6403
172     6532    6544
176     6540    6439
180     6406    6496
184     6395    6521
188     6455    6486
192     6522    6532
196     6558    6411
200     6514    6542
204     6458    6413
208     6444    6468
212     6586    6518
216     6583    6483
220     6425    6429
224     6545    6428
228     6503    6459
232     6576    6558
236     6423    6410
240     6451    6464
244     6407    6429
248     6511    6486
252     6438    6444
256     6508    6561
260     6420    6477
264     6562    6503
268     6483    6540
272     6546    6429
276     6479    6537
280     6502    6422
284     6504    6457
288     6541    6512
292     6521    6533
296     6560    6522
300     6407    6448
304     6540    6394
308     6449    6563
312     6394    6399
316     6500    6478
320     6447    6475
324     6535    6450
328     6536    6483
332     6454    6506
336     6560    6527
340     6502    6443
344     16998   10566
348     12854   13333
352     14959   19451
356     9079    7840
360     6780    9783
364     6538    6475
368     6476    6581
372     6547    6402
376     6568    6424
380     6533    6478
384     6565    6534
388     6459    6449
392     6486    6406
396     6402    6474
400     6510    6447
404     6520    6457
408     6436    6444
412     6448    6471
416     6415    6477
420     6408    6521
424     6418    6437
428     6444    6433
432     6515    6563
436     6417    6585
440     6420    6551
444     6426    6579
448     6576    6540
452     6582    6424
456     6550    6429
460     6567    6395
464     6465    6405
468     6450    6511
472     6411    6417
476     6514    6402
480     6399    6475
484     6508    6443
488     6393    6500
492     6398    6486
***********************************************************
* PhotonsTot     : 7108
* PhotonsDet     : 510
* MaxIndex       : 88   88
* Baseline       : 6478.93      6481.47
* Maximum        : 50297.3      48225.9
* MaxTime        : 88.0217      88.2135
* WeightedArrival: 9.61081      9.26287
* MinimumArrival : 4.89383      4.85225
***********************************************************
0       6516    6423
4       6403    6402
8       6420    6566
12      6567    6428
16      6414    6503
20      6491    6525
24      6506    6556
28      6506    6568
32      6439    6436
36      6500    6419
40      6449    6425
44      6524    6495
48      6418    6423
52      6584    6468
56      6447    6585
60      6501    6493
64      6408    6458
68      6556    6527
72      6472    6403
76      6542    6417
80      6462    6395
84      6563    6584
88      6451    6509
92      6511    6571
96      6518    6577
100     6555    6425
104     6406    6553
108     6502    6460
112     6475    6453
116     6450    6432
120     6565    6396
124     6441    6461
128     6513    6521
132     6434    6503
136     6527    6479
140     6525    6452
144     6505    6475
148     6506    6524
152     6434    6459
156     6524    6473
160     6561    6562
164     6538    6566
168     6475    6501
172     6566    6547
176     6468    6510
180     6536    6465
184     6517    6430
188     6557    6569
192     6405    6517
196     6492    6451
200     6569    6480
204     6540    6504
208     6468    6474
212     6490    6503
216     6410    6430
220     6449    6483
224     6567    6493
228     6395    6421
232     6485    6424
236     6399    6560
240     6453    6438
244     6391    6443
248     6501    6470
252     6423    6576
256     6573    6433
260     6409    6516
264     6421    6477
268     6537    6462
272     6422    6484
276     6536    6549
280     6559    6499
284     6541    6392
288     6539    6582
292     6568    6515
296     6454    6501
300     6509    6399
304     6542    6542
308     6441    6507
312     6506    6442
316     6571    6559
320     6478    6579
324     6566    6579
328     6414    6461
332     6407    6466
336     6485    6525
340     6582    6561
344     14279   7142
348     34386   27856
352     56768   53962
356     43755   45758
360     18889   14543
364     9679    7962
368     6663    6393
372     6470    6445
376     6458    6569
380     6418    6491
384     6441    6491
388     6403    6403
392     6499    6532
396     6547    6490
400     6403    6404
404     6429    6392
408     6432    6476
412     6532    6566
416     6561    6542
420     6539    6442
424     6471    6466
428     6571    6558
432     6476    6392
436     6494    6562
440     6456    6415
444     6405    6462
448     6420    6453
452     6536    6390
456     6463    6545
460     6429    6438
464     6408    6512
468     6440    6512
472     6438    6557
476     6407    6395
480     6389    6464
484     6409    6413
488     6439    6583
492     6481    6537
[WARNING] nDetRunAction: One or more PMT's traces have saturated! Recommend lowering the gain.
***********************************************************
* PhotonsTot     : 7067
* PhotonsDet     : 492
* MaxIndex       : 88   88
* Baseline       : 6491.73      6473.53
* Maximum        : 35000.4      59128.1
* MaxTime        : 88.4361      88.0547
* WeightedArrival: 7.75372      7.95667
* MinimumArrival : 4.20588      4.3227
***********************************************************
0       6394    6577
4       6471    6466
8       6500    6567
12      6515    6398
16      6490    6412
20      6473    6500
24      6537    6417
28      6467    6545
32      6553    6449
36      6557    6506
40      6400    6405
44      6479    6520
48      6398    6411
52      6579    6421
56      6563    6509
60      6555    6524
64      6400    6511
68      6435    6545
72      6430    6551
76      6572    6520
80      6392    6391
84      6442    6471
88      6492    6540
92      6574    6443
96      6463    6571
100     6390    6390
104     6521    6509
108     6476    6405
112     6526    6412
116     6536    6398
120     6524    6540
124     6442    6562
128     6441    6449
132     6537    6401
136     6440    6389
140     6461    6550
144     6434    6519
148     6540    6416
152     6408    6448
156     6396    6445
160     6439    6514
164     6397    6433
168     6520    6562
172     6440    6450
176     6403    6414
180     6471    6574
184     6547    6554
188     6425    6503
192     6566    6544
196     6390    6583
200     6516    6562
204     6525    6508
208     6561    6550
212     6438    6530
216     6579    6528
220     6477    6478
224     6573    6585
228     6555    6572
232     6402    6551
236     6395    6536
240     6525    6427
244     6416    6458
248     6420    6538
252     6395    6433
256     6532    6473
260     6408    6462
264     6432    6434
268     6471    6419
272     6405    6505
276     6529    6431
280     6557    6567
284     6564    6559
288     6516    6557
292     6471    6583
296     6575    6407
300     6530    6530
304     6477    6578
308     6496    6406
312     6464    6527
316     6537    6510
320     6581    6514
324     6528    6481
328     6573    6408
332     6549    6402
336     6417    6443
340     6394    6546
344     8394    8102
348     36876   36160
352     40470   65535
356     38787   49499
360     13015   13389
364     7321    8757
368     6424    6542
372     6549    6464
376     6571    6546
380     6528    6490
384     6485    6467
388     6504    6424
392     6489    6426
396     6546    6497
400     6406    6501
404     6434    6585
408     6559    6510
412     6434    6505
416     6527    6513
420     6444    6574
424     6467    6539
428     6517    6451
432     6513    6472
436     6575    6439
440     6498    6445
444     6507    6432
448     6572    6532
452     6454    6547
456     6554    6482
460     6422    6556
464     6393    6524
468     6438    6529
472     6562    6528
476     6513    6423
480     6548    6519
484     6508    6423
488     6399    6461
492     6530    6396
[WARNING] nDetRunAction: One or more PMT's traces have saturated! Recommend lowering the gain.
***********************************************************
* PhotonsTot     : 9701
* PhotonsDet     : 642
* MaxIndex       : 89   89
* Baseline       : 6496.67      6498.33
* Maximum        : 49149.1      62526.5
* MaxTime        : 88.9838      88.487
* WeightedArrival: 12.8669      12.0182
* MinimumArrival : 8.97227      8.10321
***********************************************************
0       6478    6571
4       6501    6437
8       6568    6497
12      6427    6473
16      6425    6584
20      6477    6509
24      6520    6447
28      6421    6572
32      6514    6575
36      6528    6468
40      6516    6473
44      6490    6550
48      6511    6401
52      6585    6481
56      6489    6437
60      6514    6542
64      6435    6423
68      6444    6453
72      6508    6411
76      6399    6563
80      6501    6427
84      6515    6488
88      6469    6536
92      6472    6511
96      6528    6406
100     6413    6573
104     6575    6407
108     6481    6510
112     6531    6490
116     6569    6582
120     6570    6465
124     6469    6457
128     6476    6477
132     6567    6580
136     6585    6393
140     6487    6520
144     6510    6396
148     6454    6456
152     6532    6435
156     6513    6428
160     6396    6522
164     6455    6478
168     6440    6412
172     6571    6477
176     6561    6404
180     6421    6554
184     6490    6524
188     6495    6410
192     6420    6530
196     6570    6440
200     6397    6514
204     6415    6422
208     6460    6420
212     6398    6582
216     6515    6418
220     6458    6506
224     6396    6475
228     6444    6499
232     6417    6410
236     6526    6558
240     6557    6503
244     6443    6558
248     6469    6458
252     6420    6425
256     6521    6488
260     6398    6507
264     6523    6473
268     6411    6504
272     6405    6397
276     6421    6415
280     6476    6577
284     6441    6413
288     6502    6449
292     6542    6444
296     6451    6446
300     6565    6501
304     6495    6510
308     6540    6429
312     6390    6467
316     6442    6562
320     6500    6565
324     6486    6484
328     6454    6516
332     6482    6484
336     6522    6582
340     6563    6412
344     6509    6482
348     23547   33291
352     39478   65535
356     55642   65535
360     43290   41980
364     16638   13126
368     8269    6816
372     6437    7827
376     6435    6465
380     6541    6478
384     6500    6408
388     6515    6430
392     6556    6571
396     6477    6469
400     6406    6439
404     6563    6562
408     6434    6473
412     6395    6426
416     6563    6391
420     6439    6572
424     6557    6390
428     6479    6416
432     6454    6445
436     6494    6585
440     6458    6530
444     6449    6458
448     6482    6561
452     6558    6480
456     6434    6478
460     6553    6477
464     6391    6420
468     6521    6574
472     6525    6532
476     6400    6404
480     6404    6406
484     6574    6389
488     6455    6402
492     6471    6582
***********************************************************
* PhotonsTot     : 3616
* PhotonsDet     : 247
* MaxIndex       : 89   88
* Baseline       : 6494.47      6526.87
* Maximum        : 20410.7      29494.3
* MaxTime        : 88.9905      88.0684
* WeightedArrival: 8.34651      8.01999
* MinimumArrival : 5.11043      5.04537
***********************************************************
0       6582    6549
4       6513    6522
8       6564    6562
12      6524    6584
16      6513    6398
20      6487    6437
24      6426    6533
28      6468    6567
32      6494    6576
36      6489    6551
40      6481    6485
44      6572    6550
48      6417    6533
52      6398    6585
56      6489    6471
60      6538    6556
64      6445    6393
68      6428    6441
72      6528    6519
76      6546    6412
80      6538    6424
84      6470    6440
88      6501    6472
92      6582    6471
96      6517    6406
100     6552    6442
104     6410    6502
108     6401    6422
112     6434    6447
116     6437    6440
120     6462    6484
124     6399    6468
128     6480    6407
132     6448    6433
136     6453    6550
140     6420    6465
144     6566    6538
148     6540    6466
152     6393    6392
156     6424    6405
160     6440    6508
164     6497    6445
168     6478    6504
172     6481    6577
176     6448    6495
180     6525    6455
184     6481    6568
188     6479    6428
192     6552    6429
196     6417    6418
200     6550    6476
204     6434    6475
208     6537    6409
212     6585    6476
216     6485    6581
220     6570    6581
224     6481    6563
228     6427    6417
232     6421    6436
236     6487    6557
240     6487    6517
244     6463    6547
248     6490    6430
252     6490    6452
256     6487    6553
260     6528    6514
264     6578    6504
268     6481    6529
272     6449    6553
276     6454    6524
280     6427    6560
284     6516    6508
288     6583    6505
292     6548    6493
296     6495    6503
300     6460    6492
304     6420    6528
308     6431    6444
312     6461    6511
316     6540    6402
320     6395    6403
324     6520    6522
328     6568    6555
332     6540    6567
336     6443    6519
340     6456    6494
344     16846   11293
348     26205   21358
352     20524   35928
356     26904   12610
360     7383    7416
364     6442    7835
368     6410    6526
372     6399    6541
376     6579    6546
380     6522    6553
384     6534    6571
388     6448    6550
392     6547    6476
396     6454    6574
400     6432    6456
404     6565    6516
408     6478    6510
412     6583    6511
416     6466    6394
420     6579    6390
424     6500    6504
428     6393    6575
432     6460    6511
436     6549    6454
440     6574    6529
444     6435    6515
448     6523    6509
452     6564    6408
456     6417    6426
460     6513    6578
464     6520    6453
468     6410    6555
472     6471    6437
476     6418    6396
480     6499    6559
484     6425    6403
488     6415    6567
492     6517    6579