6585
6423
6410
6535
6405
6497
6560
6416
6485
6499
6489
6581
6402
6542
6438
6451
6534
6526
6445
6577
6411
6586
6554
6496
6551
6413
6411
6514
6534
6454
6458
6560
6466
6517
6444
6502
6430
6419
6457
6432
6486
6556
6479
6530
6436
6474
6560
6483
6430
6534
6575
6422
6577
6411
6520
6522
6407
6419
6580
6524
6409
6567
6534
6456
6479
6408
6501
6524
6517
6531
6392
6551
6561
6392
6408
6407
6519
6507
6468
6571
6474
6417
6428
6474
6478
6582
6498
6398
6418
6437
6568
6477
6511
6582
6414
6415
6420
6468
6485
6479
6546
6523
6407
6422
6404
6432
6414
6585
6501
6546
6419
6458
6512
6536
6435
6550
6579
6411
6493
6427
6539
6499
6542
6475
Phase (ticks): 20.7225 max: 6590.41 threshold: 6537.44 baseline: 6484.47
6564
6492
6417
6416
6426
6548
6486
6502
6513
6457
6444
6468
6469
6496
6447
6432
6456
6475
6518
6575
6527
6569
6448
6566
6515
6401
6408
6571
6467
6425
6395
6518
6474
6571
6440
6393
6547
6543
6449
6442
6468
6440
6546
6454
6551
6412
6423
6494
6506
6465
6400
6443
6494
6420
6402
6545
6503
6412
6516
6413
6510
6469
6582
6431
6440
6573
6393
6508
6509
6515
6421
6408
6455
6559
6448
6459
6449
6519
6512
6569
6474
6502
6554
6568
6424
6577
6424
6405
6499
6390
6505
6545
6536
6499
6431
6579
6435
6486
6425
6473
6548
6535
6585
6394
6538
6411
6504
6400
6408
6435
6425
6454
6494
6407
6559
6497
6415
6524
6412
6401
6568
6574
6475
6481
Phase (ticks): 99.7745 max: 6585.85 threshold: 6531.09 baseline: 6476.33
6524
6408
6485
6398
6462
6533
6501
6518
6581
6458
6531
6421
6495
6534
6501
6478
6466
6540
6438
6532
6407
6529
6391
6522
6413
6566
6424
6571
6515
6410
6417
6536
6395
6440
6478
6412
6533
6522
6416
6481
6538
6555
6570
6479
6501
6512
6395
6546
6478
6569
6441
6571
6562
6517
6407
6576
6546
6443
6435
6492
6561
6549
6576
6437
6394
6495
6512
6414
6537
6471
6432
6483
6425
6415
6503
6576
6389
6514
6415
6464
6471
6420
6412
6437
6455
6488
6404
6516
6535
6472
6458
6466
6465
6519
6396
6584
6537
6405
6566
6391
6536
6485
6562
6530
6548
6562
6401
6430
6566
6412
6505
6448
6432
6479
6470
6579
6409
6510
6563
6579
6584
6433
6517
6509
Phase (ticks): 94.7622 max: 6588.61 threshold: 6539.3 baseline: 6490