
6496
6431
6498
6541
6390
6505
6511
6583
6425
6534
6423
6566
6463
6569
6477
6477
6440
6420
6497
6474
6456
6451
6517
6550
6432
6559
6456
6504
6417
6541
6415
6495
6420
6449
6539
6572
6571
6503
6446
6563
6493
6454
6534
6574
6416
6456
6479
6406
6391
6392
6533
6547
6554
6495
6524
6483
6442
6395
6565
6517
6456
6585
6554
6503
6583
6544
6512
6481
6476
6392
6486
6394
6550
6435
6553
6577
6558
6456
6437
6458
6392
6430
6430
6505
6472
6455
6580
6537
6522
6400
6511
6457
6404
6392
6506
6522
6564
6440
6505
6482
6446
6437
6537
6450
6435
6481
6520
6487
6549
6398
6537
6479
6442
6426
6573
6514
10028
25489
29878
17461
8221
6859
6575
6576
Phase (ticks): 116.537 max: 30162.3 threshold: 18328.2 baseline: 6494.13
6536
6464
6542
6509
6568
6523
6585
6497
6409
6552
6576
6549
6445
6441
6512
6445
6447
6540
6489
6411
6479
6538
6555
6584
6498
6483
6497
6462
6466
6487
6546
6557
6433
6458
6571
6480
6447
6575
6413
6437
6562
6554
6578
6579
6551
6517
6566
6467
6540
6425
6520
6577
6542
6407
6509
6519
6401
6489
6445
6572
6458
6426
6453
6569
6483
6406
6538
6466
6475
6429
6497
6444
6546
6453
6406
6481
6565
6576
6496
6566
6453
6585
6496
6555
6574
6432
6407
6577
6571
6413
6452
6493
6415
6524
6503
6418
6517
6584
6530
6395
6584
6522
6425
6580
6461
6532
6483
6455
6455
6481
6543
6565
6584
6435
6410
6578
6407
6447
6426
6471
6525
6574
6699
7553
Phase (ticks): 122.512 max: 7759.37 threshold: 7136.62 baseline: 6513.87
6551
6452
6514
6435
6460
6420
6450
6461
6435
6432
6464
6481
6575
6409
6521
6574
6485
6457
6495
6582
6471
6422
6537
6517
6561
6550
6490
6560
6412
6456
6449
6542
6533
6552
6432
6421
6417
6563
6433
6555
6495
6434
6435
6489
6429
6578
6575
6570
6505
6544
6424
6474
6558
6471
6521
6453
6554
6413
6473
6488
6448
6520
6457
6425
6572
6432
6491
6507
6454
6441
6443
6471
6555
6427
6579
6448
6582
6504
6439
6393
6481
6452
6481
6525
6530
6398
6409
6464
6453
6487
6493
6507
6535
6435
6429
6436
6401
6422
6548
6549
6502
6549
6391
6496
6395
6570
6451
6408
6491
6526
6407
6519
6482
6457
6431
6496
6518
6563
6514
6419
6414
7588
8496
8364
Phase (ticks): 121.162 max: 8999.18 threshold: 7734.92 baseline: 6470.67
6556
6426
6472
6429
6451
6425
6497
6518
6498
6411
6456
6499
6495
6521
6520
6447
6419
6497
6416
6541
6547
6501
6540
6558
6414
6466
6473
6403
6559
6394
6549
6561
6554
6412
6536
6448
6417
6513
6446
6440
6455
6524
6495
6556
6427
6399
6429
6508
6555
6412
6452
6461
6509
6525
6535
6449
6559
6506
6535
6405
6432
6439
6395
6427
6466
6512
6441
6530
6435
6583
6463
6485
6569
6556
6566
6401
6441
6400
6545
6472
6472
6398
6575
6462
6465
6510
6443
6446
6427
6553
6440
6529
6504
6502
6406
6455
6509
6476
6540
6504
6534
6418
6567
6580
6413
6424
6468
6452
6583
6397
6546
6556
6457
6444
6553
6404
6461
6409
11753
14663
16063
9612
6688
6390
Phase (ticks): 117.923 max: 16208.2 threshold: 11343.2 baseline: 6478.27
6432
6457
6456
6406
6422
6500
6552
6578
6552
6550
6399
6540
6478
6413
6419
6442
6391
6502
6418
6434
6528
6480
6474
6472
6490
6585
6577
6394
6493
6527
6520
6429
6432
6424
6506
6508
6462
6475
6524
6399
6523
6571
6555
6569
6532
6398
6428
6572
6485
6463
6483
6419
6400
6447
6499
6460
6540
6418
6555
6514
6535
6473
6513
6514
6394
6573
6463
6443
6509
6503
6536
6569
6540
6432
6522
6476
6411
6426
6558
6466
6404
6450
6567
6453
6564
6489
6430
6494
6523
6531
6448
6478
6456
6406
6440
6577
6506
6413
6551
6423
6561
6502
6463
6562
6493
6430
6459
6557
6579
6398
6560
6561
6574
6534
6450
6533
6581
9934
25187
33005
22168
8404
6694
6457
Phase (ticks): 117.643 max: 33008.5 threshold: 19742.7 baseline: 6476.93