6560
6455
6447
6523
6460
6568
6552
6440
6393
6419
6463
6411
6584
6537
6430
6572
6448
6532
6513
6486
6408
6391
6550
6462
6403
6544
6519
6429
6470
6464
6575
6494
6578
6395
6430
6455
6496
6421
6544
6437
6390
6520
6490
6507
6539
6424
6418
6522
6565
6552
6567
6391
6562
6509
6451
6503
6585
6504
6472
6546
6532
6504
6519
6463
6410
6542
6569
6435
6507
6411
6414
6460
6490
6537
6432
6576
6530
6568
6466
6429
6453
6492
6536
6524
6581
6558
6563
6408
6562
6515
6472
6504
6405
6523
6571
6556
6549
6515
6536
6544
6517
6432
6415
6438
6508
6407
6556
6558
6452
6540
6470
6472
6491
6463
6440
6438
6546
6467
6529
6520
6420
6550
6557
6563
Phase (ticks): 55.3978 max: 6588.43 threshold: 6535.62 baseline: 6482.8
6493
6528
6581
6423
6549
6528
6414
6480
6528
6478
6416
6445
6458
6547
6493
6533
6551
6399
6392
6537
6508
6465
6433
6424
6467
6556
6572
6532
6552
6555
6450
6467
6504
6495
6571
6419
6440
6571
6517
6521
6491
6515
6459
6538
6463
6484
6449
6538
6402
6447
6491
6561
6455
6462
6526
6417
6512
6404
6496
6556
6577
6427
6391
6495
6504
6428
6534
6489
6439
6470
6542
6447
6577
6413
6396
6570
6563
6566
6442
6470
6472
6443
6424
6479
6479
6574
6494
6432
6467
6476
6400
6417
6574
6444
6502
6516
6431
6491
6545
6505
6539
6532
6493
6463
6422
6479
6506
6537
6428
6515
6561
6546
6394
16552
21633
23149
11725
7337
6575
6582
6523
6543
6468
6563
Phase (ticks): 112.853 max: 23626.6 threshold: 15058.7 baseline: 6490.73
6474
6578
6509
6446
6474
6427
6498
6536
6520
6508
6445
6454
6538
6531
6553
6568
6542
6520
6410
6496
6450
6399
6518
6400
6459
6449
6494
6487
6566
6491
6546
6570
6585
6425
6503
6410
6422
6542
6561
6570
6415
6572
6421
6476
6465
6547
6540
6409
6417
6412
6503
6484
6436
6498
6479
6541
6498
6471
6440
6392
6533
6537
6443
6450
6559
6455
6575
6471
6576
6399
6568
6508
6485
6505
6567
6585
6417
6566
6453
6539
6554
6510
6502
6424
6403
6501
6456
6493
6411
6437
6550
6529
6445
6496
6418
6402
6459
6439
6577
6503
6566
6567
6571
6471
6413
6451
6509
6415
6497
6480
6417
6417
9351
33054
38629
28489
11482
6953
6394
6481
6514
6567
6563
6492
Phase (ticks): 112.562 max: 38856.4 threshold: 22677.9 baseline: 6499.4
6571
6506
6396
6417
6492
6412
6391
6512
6403
6570
6456
6400
6468
6526
6508
6442
6434
6505
6581
6437
6573
6459
6516
6576
6444
6469
6451
6420
6475
6578
6566
6436
6560
6412
6464
6399
6519
6410
6436
6555
6420
6450
6433
6460
6475
6499
6507
6475
6565
6417
6567
6412
6542
6551
6478
6504
6457
6487
6464
6458
6491
6482
6551
6531
6570
6460
6398
6568
6432
6402
6546
6572
6579
6475
6538
6493
6572
6445
6395
6554
6565
6475
6564
6461
6397
6512
6563
6461
6469
6545
6468
6398
6409
6396
6422
6439
6509
6584
6397
6488
6403
6559
6492
6529
6508
6395
6515
6555
6532
6449
6558
6435
6472
6414
6488
6591
6692
6656
6594
6515
6566
6410
6579
6449
Phase (ticks): 114.899 max: 6692.74 threshold: 6580.63 baseline: 6468.53
6452
6459
6399
6525
6469
6410
6398
6459
6563
6550
6501
6477
6441
6425
6505
6463
6403
6504
6451
6522
6463
6559
6553
6503
6532
6471
6442
6436
6456
6397
6581
6470
6476
6559
6503
6406
6470
6505
6526
6451
6446
6449
6418
6401
6488
6583
6465
6497
6520
6557
6577
6397
6509
6400
6515
6491
6456
6541
6418
6567
6528
6494
6390
6525
6515
6437
6456
6440
6446
6578
6505
6536
6498
6553
6553
6418
6519
6504
6585
6580
6524
6409
6410
6458
6455
6483
6462
6398
6447
6404
6465
6518
6420
6516
6395
6407
6484
6405
6404
6430
6578
6493
6454
6525
6391
6581
6486
6464
6405
6430
6421
6492
6452
6748
8888
8460
8098
6939
6501
6517
6483
6469
6482
6473
Phase (ticks): 113.443 max: 8924.02 threshold: 7696.44 baseline: 6468.87