6584
6437
6394
6426
6563
6434
6525
6564
6468
6461
6405
6431
6459
6530
6470
6559
6433
6418
6407
6408
6497
6538
6502
6397
6484
6405
6506
6492
6539
6578
6515
6549
6500
6579
6424
6409
6555
6564
6535
6455
6498
6530
6577
6468
6530
6567
6492
6421
6456
6544
6454
6398
6576
6526
6577
6548
6532
6502
6398
6477
6404
6575
6481
6403
6549
6390
6391
6473
6528
6563
6400
6574
6476
6440
6496
6437
6428
6546
6467
6478
6485
6417
6572
6434
6428
6574
6479
6485
6431
6534
6406
6563
6507
6412
6406
6531
6429
6512
6497
6440
6529
6516
6540
6565
6546
6415
6545
6399
6442
6399
6431
6466
6404
6474
6578
6569
8797
8525
11174
7871
6934
6550
6475
6551
Phase (ticks): 117.133 max: 11276.5 threshold: 8876.64 baseline: 6476.73
6510
6537
6494
6489
6564
6391
6534
6430
6523
6426
6488
6413
6410
6569
6575
6445
6434
6576
6520
6415
6406
6522
6501
6532
6422
6551
6450
6492
6397
6405
6555
6461
6449
6499
6525
6574
6414
6409
6425
6413
6414
6491
6485
6423
6460
6413
6581
6445
6566
6544
6431
6417
6400
6410
6480
6534
6560
6578
6565
6497
6406
6544
6405
6493
6539
6448
6449
6414
6494
6585
6556
6462
6568
6433
6521
6533
6578
6531
6458
6531
6427
6408
6458
6512
6486
6482
6394
6415
6532
6513
6455
6538
6473
6511
6519
6419
6394
6586
6580
6539
6441
6441
6448
6416
6437
6521
6407
6578
6435
6473
6510
6434
6549
6414
6545
6470
7494
10023
10175
8974
6591
6471
6401
6504
Phase (ticks): 116.363 max: 10335.4 threshold: 8412.78 baseline: 6490.2
6394
6450
6494
6505
6442
6553
6584
6440
6414
6580
6392
6537
6584
6576
6578
6518
6544
6515
6393
6480
6565
6492
6556
6486
6396
6555
6473
6499
6527
6417
6446
6420
6540
6519
6558
6461
6580
6419
6459
6504
6455
6553
6539
6480
6432
6448
6412
6552
6542
6490
6554
6431
6502
6543
6524
6541
6511
6583
6511
6407
6407
6533
6470
6429
6396
6498
6515
6478
6396
6585
6413
6395
6550
6389
6448
6468
6474
6413
6440
6530
6477
6458
6568
6470
6557
6405
6550
6474
6555
6533
6564
6469
6484
6476
6469
6399
6447
6461
6445
6476
6541
6483
6423
6557
6447
6461
6522
6541
6429
6496
6499
6497
6521
6432
6581
6419
19514
19423
16528
8663
7215
6583
6474
6582
Phase (ticks): 115.54 max: 20484.6 threshold: 13493 baseline: 6501.53
6479
6494
6503
6424
6464
6464
6543
6490
6557
6579
6515
6489
6448
6505
6565
6442
6452
6524
6485
6407
6550
6411
6397
6480
6444
6558
6513
6557
6484
6413
6467
6447
6470
6401
6503
6410
6447
6432
6508
6535
6497
6421
6429
6497
6472
6390
6529
6551
6469
6509
6535
6485
6517
6443
6573
6537
6548
6396
6535
6582
6559
6494
6448
6557
6434
6491
6562
6472
6563
6417
6533
6574
6561
6507
6541
6560
6417
6481
6550
6499
6457
6400
6548
6574
6516
6507
6393
6441
6497
6508
6525
6473
6418
6462
6489
6422
6423
6460
6440
6466
6538
6502
6486
6533
6446
6586
6417
6484
6430
6495
6430
6393
6465
6571
6535
6573
11167
13970
13997
9531
6618
6635
6574
6536