6425
6510
6415
6498
6398
6487
6409
6572
6580
6443
6534
6577
6473
6480
6546
6449
6583
6414
6409
6422
6540
6471
6546
6564
6502
6585
6403
6554
6540
6458
6465
6509
6577
6535
6483
6581
6444
6489
6580
6442
6527
6528
6428
6547
6505
6428
6524
6521
6501
6400
6455
6512
6400
6503
6507
6422
6580
6576
6495
6569
6445
6390
6581
6462
6436
6581
6397
6423
6488
6480
6453
6513
6418
6497
6531
6532
6569
6394
6494
6541
6499
6573
6495
6578
6436
6505
6442
6489
6445
6395
6532
6537
6464
6392
6528
6431
6507
6471
6489
6413
6403
6546
6426
6389
6497
6553
6456
6534
6515
6488
6484
6507
6458
6480
6573
6547
6469
6423
6523
6453
6412
6469
6477
6405
Phase (ticks): 24.4304 max: 6585.65 threshold: 6537.72 baseline: 6489.8
6467
6519
6556
6583
6518
6576
6557
6536
6581
6445
6536
6414
6431
6511
6501
6491
6455
6580
6517
6510
6451
6416
6530
6512
6392
6537
6575
6517
6408
6580
6549
6418
6408
6514
6467
6484
6579
6502
6411
6450
6522
6564
6537
6483
6479
6487
6562
6581
6566
6391
6516
6449
6439
6461
6582
6572
6456
6448
6454
6475
6500
6492
6444
6578
6571
6410
6402
6525
6411
6444
6583
6437
6478
6474
6501
6437
6579
6583
6471
6410
6445
6502
6445
6574
6448
6565
6470
6516
6514
6442
6463
6583
6399
6457
6568
6420
6400
6465
6394
6488
6546
6496
6405
6461
6563
6530
6450
6462
6453
6496
6428
6574
6478
6471
6508
6415
6552
6562
6449
6519
6578
6503
6424
6433
Phase (ticks): 90.7264 max: 6584.94 threshold: 6550.17 baseline: 6515.4
6406
6535
6513
6526
6441
6510
6485
6502
6484
6525
6560
6458
6559
6545
6572
6542
6572
6552
6573
6449
6546
6403
6467
6431
6461
6541
6427
6534
6482
6454
6585
6487
6472
6537
6569
6406
6504
6501
6417
6577
6563
6486
6521
6417
6531
6522
6455
6493
6474
6549
6491
6457
6478
6392
6535
6481
6498
6549
6432
6499
6571
6585
6508
6548
6569
6420
6514
6516
6523
6477
6565
6571
6499
6427
6572
6466
6492
6427
6478
6398
6585
6417
6555
6499
6571
6517
6524
6471
6469
6431
6513
6435
6461
6528
6518
6523
6403
6452
6443
6543
6502
6505
6446
6565
6477
6507
6534
6405
6407
6532
6542
6449
6497
6403
6391
6533
6482
6451
6485
6489
6565
6542
6496
6437
Phase (ticks): 79.8275 max: 6597.43 threshold: 6552.75 baseline: 6508.07
6505
6444
6406
6472
6565
6584
6460
6493
6458
6441
6561
6443
6553
6544
6515
6459
6486
6442
6434
6478
6569
6432
6400
6457
6556
6527
6525
6410
6559
6491
6459
6569
6491
6508
6443
6546
6467
6564
6433
6447
6424
6487
6516
6435
6500
6578
6391
6471
6540
6504
6528
6558
6564
6536
6498
6496
6484
6462
6391
6565
6482
6477
6419
6398
6475
6583
6435
6423
6467
6453
6509
6397
6449
6425
6403
6401
6532
6463
6494
6584
6496
6576
6536
6506
6513
6453
6579
6437
6532
6559
6492
6586
6484
6580
6457
6527
6447
6459
6440
6495
6576
6492
6510
6404
6440
6438
6569
6402
6511
6441
6464
6467
6399
6542
6559
6541
6559
6402
6414
6561
6446
6571
6479
6497