6392
6435
6498
6572
6457
6473
6439
6522
6559
6573
6515
6515
6443
6490
6474
6503
6461
6471
6549
6440
6401
6408
6451
6438
6443
6486
6570
6428
6430
6452
6417
6577
6444
6401
6447
6472
6544
6585
6532
6544
6475
6510
6395
6391
6457
6480
6520
6582
6563
6490
6518
6581
6436
6510
6547
6485
6549
6419
6474
6395
6495
6495
6461
6565
6492
6524
6493
6543
6510
6506
6451
6536
6463
6529
6535
6557
6476
6516
6460
6414
6490
6427
6538
6575
6428
6548
6583
6460
6409
6522
6422
6498
6522
6552
6510
6560
6457
6456
6466
6575
6404
6444
6568
6523
6450
6401
6574
6486
6481
6537
6468
6430
28321
43779
46700
17185
7225
6730
6578
6549
6509
6440
6504
6582
Phase (ticks): 111.959 max: 48349.1 threshold: 27419.8 baseline: 6490.47
6582
6498
6458
6389
6584
6441
6575
6549
6479
6465
6515
6532
6396
6487
6488
6585
6556
6455
6411
6510
6494
6419
6516
6391
6478
6539
6531
6485
6441
6401
6518
6505
6489
6392
6412
6453
6499
6475
6389
6393
6427
6478
6424
6409
6467
6484
6542
6452
6579
6529
6534
6510
6418
6391
6453
6394
6403
6492
6561
6558
6551
6466
6462
6574
6394
6582
6424
6490
6568
6413
6417
6522
6504
6445
6436
6457
6557
6511
6537
6469
6476
6570
6410
6510
6523
6569
6450
6569
6446
6429
6465
6447
6535
6528
6471
6568
6555
6512
6509
6515
6393
6556
6419
6419
6399
6419
6546
6472
6423
6406
6548
6477
6536
9766
12610
15074
9170
7042
6550
6404
6480
6554
6473
6467
Phase (ticks): 113.36 max: 15083.2 threshold: 10789.5 baseline: 6495.87
6522
6577
6527
6536
6549
6504
6437
6482
6556
6511
6551
6482
6553
6458
6507
6457
6401
6480
6487
6500
6531
6538
6475
6551
6427
6487
6500
6547
6505
6524
6411
6416
6524
6393
6567
6562
6426
6410
6576
6526
6537
6551
6458
6397
6435
6577
6418
6572
6571
6400
6572
6479
6494
6521
6535
6581
6393
6481
6503
6449
6410
6499
6583
6393
6495
6449
6455
6477
6500
6441
6486
6515
6411
6400
6487
6416
6533
6548
6576
6507
6557
6398
6464
6420
6467
6415
6506
6572
6431
6436
6436
6394
6424
6502
6556
6492
6524
6473
6400
6436
6417
6458
6532
6396
6430
6503
6574
6529
6579
6515
6391
9490
55741
65535
47405
15495
9112
6541
6513
6525
6422
6584
6403
6560
Phase (ticks): 111.58 max: 66083.6 threshold: 36300.2 baseline: 6516.8
6506
6525
6430
6580
6527
6417
6413
6494
6464
6450
6394
6569
6432
6442
6405
6545
6458
6400
6439
6418
6432
6574
6564
6498
6524
6410
6485
6583
6455
6493
6445
6572
6575
6415
6579
6567
6466
6443
6532
6509
6392
6444
6525
6417
6418
6548
6546
6526
6436
6438
6530
6490
6425
6421
6507
6422
6449
6524
6583
6522
6508
6585
6584
6475
6490
6520
6456
6519
6553
6417
6561
6433
6552
6445
6472
6494
6493
6551
6577
6481
6436
6391
6549
6505
6536
6419
6405
6582
6426
6446
6427
6568
6469
6402
6391
6536
6489
6532
6561
6470
6581
6434
6421
6516
6429
6497
6537
6431
6438
6457
6510
6440
8504
20699
21769
16199
8540
6687
6459
6753
6536
6487
6420
6513